0.0	2258.257	0.0	 0.0007279999999999999
0.0	2258.257	0.0	 0.0007279999999999999
0.0	2258.257	0.0	 0.0007279999999999999
0.000997781753540039	2258.257	0.0	 0.0007279999999999999
0.0	2258.257	0.0	 0.0007279999999999999
0.0	2258.257	0.0	 0.0007279999999999999
0.0	2258.257	0.0	 0.0007279999999999999
0.0	2258.257	0.0	 0.0007279999999999999
0.0	2258.257	0.0	 0.0007279999999999999
0.0	2258.257	0.0	 0.0007279999999999999
0.0	 0.0	 0.0007279999999999999
0.000997781753540039	 0.0	 0.0007279999999999999
9.97781753540039e-05	 0.0	 0.0007279999999999998
2258.257