0.0	159.395	0.0	 0.0007279999999999999
0.0	159.395	0.0	 0.000732
0.0	159.395	0.0	 0.0007279999999999999
0.0	159.395	0.0	 0.0007279999999999999
0.0	159.395	0.0	 0.0007279999999999999
0.0	159.395	0.0	 0.0007279999999999999
0.0	159.395	0.0	 0.0007279999999999999
0.0	159.395	0.0	 0.0007279999999999999
0.0	159.395	0.0	 0.0007279999999999999
0.0	159.395	0.0	 0.0007279999999999999
0.0	159.395	0.0	 0.0007279999999999999
0.0	159.395	0.0	 0.0007279999999999999
0.0	159.395	0.0	 0.0007279999999999999
0.0009984970092773438	159.395	0.0	 0.0007279999999999999
0.0	159.395	0.0	 0.0007279999999999999
0.0	159.395	0.0	 0.0007279999999999999
0.0	159.395	0.0	 0.0007279999999999999
0.0	159.395	0.0	 0.0007279999999999999
0.0	159.395	0.0	 0.0007279999999999999
0.0	159.395	0.0	 0.0007279999999999999
0.0	159.395	0.0	 0.0007279999999999999
0.0	159.395	0.0	 0.0007279999999999999
0.0	159.395	2.4e-05	 0.0007279999999999999
0.0	159.395	9.6e-05	 0.000776
0.0	159.395	9.6e-05	 0.000776
0.0	159.395	9.6e-05	 0.000776
0.0	159.395	9.6e-05	 0.000776
0.0	159.395	9.6e-05	 0.000776
0.0	159.395	9.6e-05	 0.000776
0.0	159.395	9.6e-05	 0.000776
0.0	159.395	9.6e-05	 0.000776
0.0	159.395	9.6e-05	 0.000776
0.0	159.395	9.6e-05	 0.000776
0.0	159.395	9.6e-05	 0.000776
0.0	159.395	9.6e-05	 0.000776
0.0	159.395	9.6e-05	 0.000776
0.0	159.395	9.6e-05	 0.000776
0.0	159.395	9.6e-05	 0.000776
0.0	159.395	9.6e-05	 0.000776
0.0	159.395	9.6e-05	 0.000776
0.0	159.395	9.6e-05	 0.000776
0.0	159.395	9.6e-05	 0.000776
0.0	159.395	9.6e-05	 0.000776
0.0	159.395	9.6e-05	 0.000776
0.0	159.395	9.6e-05	 0.000776
0.0	159.395	9.6e-05	 0.000776
0.0	159.395	9.6e-05	 0.000776
0.0	159.395	9.6e-05	 0.000776
0.0	159.395	9.6e-05	 0.000776
0.0	159.395	9.6e-05	 0.000776
0.0	 0.0	 0.0007279999999999999
0.0009984970092773438	 9.6e-05	 0.000776
1.9969940185546876e-05	 5.232000000000001e-05	 0.0007539999999999992
159.395