0.0	12.0	0.0	 0.0007279999999999999
0.0	12.0	0.0	 0.0007279999999999999
0.0	12.0	0.0	 0.0007279999999999999
0.0	12.0	0.0	 0.0007279999999999999
0.0	12.0	0.0	 0.0007279999999999999
0.0	12.0	0.0	 0.0007279999999999999
0.0	12.0	0.0	 0.0007279999999999999
0.0	12.0	0.0	 0.0007279999999999999
0.0	12.0	0.0	 0.0007279999999999999
0.0	12.0	0.0	 0.0007279999999999999
0.0	12.0	0.0	 0.0007279999999999999
0.0	12.0	0.0	 0.0007279999999999999
0.0	12.0	0.0	 0.0007279999999999999
0.0	12.0	0.0	 0.0007279999999999999
0.0	12.0	0.0	 0.0007279999999999999
0.0	12.0	0.0	 0.0007279999999999999
0.0	12.0	0.0	 0.0007279999999999999
0.0	12.0	0.0	 0.0007279999999999999
0.0010008811950683594	12.0	0.0	 0.0007279999999999999
0.0	12.0	0.0	 0.0007279999999999999
0.0	12.0	0.0	 0.0007279999999999999
0.0	12.0	0.0	 0.0007279999999999999
0.0	12.0	7.2e-05	 0.000752
0.0	12.0	9.6e-05	 0.000776
0.0	12.0	9.6e-05	 0.000776
0.0	12.0	9.6e-05	 0.000776
0.0	12.0	9.6e-05	 0.000776
0.0	12.0	9.6e-05	 0.000776
0.0	12.0	9.6e-05	 0.000776
0.0	12.0	9.6e-05	 0.000776
0.0	12.0	9.6e-05	 0.000776
0.0	12.0	9.6e-05	 0.000776
0.0	12.0	9.6e-05	 0.000776
0.0	12.0	9.6e-05	 0.000776
0.0	12.0	9.6e-05	 0.000776
0.0	12.0	9.6e-05	 0.000776
0.0	12.0	9.6e-05	 0.000776
0.0	12.0	9.6e-05	 0.000776
0.0	12.0	9.6e-05	 0.000776
0.0	12.0	9.6e-05	 0.000776
0.0	12.0	9.6e-05	 0.000776
0.0009946823120117188	12.0	9.6e-05	 0.000776
0.0	12.0	9.6e-05	 0.000776
0.0	12.0	9.6e-05	 0.000776
0.0	12.0	9.6e-05	 0.000776
0.0	12.0	9.6e-05	 0.000776
0.0	12.0	9.6e-05	 0.000776
0.0	12.0	9.6e-05	 0.000776
0.0	12.0	9.6e-05	 0.000776
0.0	12.0	9.6e-05	 0.000776
0.0	 0.0	 0.0007279999999999999
0.0010008811950683594	 9.6e-05	 0.000776
3.9911270141601564e-05	 5.328000000000001e-05	 0.0007543999999999993
12.0