0.000997304916381836	11.0	0.001992	 0.007048
0.0009982585906982422	11.0	9.6e-05	 0.00532
0.0	11.0	4.8e-05	 0.005272
0.0009975433349609375	11.0	4.8e-05	 0.005272
0.0	11.0	4.8e-05	 0.005272
0.0009963512420654297	11.0	4.8e-05	 0.005272
0.0	11.0	4.8e-05	 0.005272
0.0	11.0	4.8e-05	 0.005272
0.0	11.0	4.8e-05	 0.005272
0.0	11.0	4.8e-05	 0.005272
0.000997304916381836	11.0	4.8e-05	 0.005272
0.0	11.0	4.8e-05	 0.005272
0.0	11.0	4.8e-05	 0.005272
0.000997781753540039	11.0	4.8e-05	 0.005272
0.0	11.0	4.8e-05	 0.005272
0.0009999275207519531	11.0	4.8e-05	 0.005272
0.0	11.0	4.8e-05	 0.005272
0.0009944438934326172	11.0	4.8e-05	 0.005272
0.0	11.0	4.8e-05	 0.005272
0.0	11.0	4.8e-05	 0.005272
0.000997781753540039	11.0	4.8e-05	 0.005272
0.0	11.0	4.8e-05	 0.005272
0.0009980201721191406	11.0	9.6e-05	 0.005272
0.0	11.0	0.000144	 0.005272
0.0	11.0	0.000144	 0.005272
0.0009970664978027344	11.0	0.000144	 0.005272
0.0	11.0	0.000144	 0.005272
0.0	11.0	0.000144	 0.005272
0.0	11.0	0.000144	 0.005272
0.0	11.0	0.000144	 0.005272
0.000997304916381836	11.0	0.000144	 0.005272
0.0	11.0	0.000144	 0.005272
0.0	11.0	0.000144	 0.005272
0.000997304916381836	11.0	0.000144	 0.005272
0.0	11.0	0.000208	 0.005272
0.000997304916381836	11.0	0.000208	 0.005272
0.0	11.0	0.000208	 0.005272
0.0010025501251220703	11.0	0.000208	 0.005272
0.0	11.0	0.000208	 0.005272
0.0	11.0	0.000208	 0.005272
0.0	11.0	0.000208	 0.005272
0.0	11.0	0.000208	 0.005272
0.0009982585906982422	11.0	0.000208	 0.005272
0.0	11.0	0.000208	 0.005272
0.0009968280792236328	11.0	0.000208	 0.005272
0.0	11.0	0.000208	 0.005272
0.0009970664978027344	11.0	0.000208	 0.005272
0.0	11.0	0.000208	 0.005272
0.0	11.0	0.000208	 0.005272
0.0009970664978027344	11.0	0.000208	 0.005272
0.0	 4.8e-05	 0.005272
0.0010025501251220703	 0.001992	 0.007048
0.0003791093826293945	 0.00016111999999999992	 0.00530848
11.0