0.0009975433349609375	83.85714285714286	0.001584	 0.006808
0.0	83.85714285714286	0.000166	 0.00532
0.0	83.85714285714286	4.8e-05	 0.005272
0.0010139942169189453	83.85714285714286	4.8e-05	 0.005272
0.0	83.85714285714286	4.8e-05	 0.005272
0.0009784698486328125	83.85714285714286	4.8e-05	 0.005272
0.0	83.85714285714286	4.8e-05	 0.005272
0.000997304916381836	83.85714285714286	4.8e-05	 0.005272
0.0	83.85714285714286	4.8e-05	 0.005272
0.0	83.85714285714286	4.8e-05	 0.005272
0.0009965896606445312	83.85714285714286	4.8e-05	 0.005272
0.0	83.85714285714286	4.8e-05	 0.005272
0.0010225772857666016	83.85714285714286	4.8e-05	 0.005272
0.0	83.85714285714286	4.8e-05	 0.005272
0.0	83.85714285714286	4.8e-05	 0.005272
0.00099945068359375	83.85714285714286	4.8e-05	 0.005272
0.0	83.85714285714286	4.8e-05	 0.005272
0.0009922981262207031	83.85714285714286	4.8e-05	 0.005272
0.0	83.85714285714286	4.8e-05	 0.005272
0.0	83.85714285714286	4.8e-05	 0.005272
0.000988006591796875	83.85714285714286	4.8e-05	 0.005272
0.0	83.85714285714286	4.8e-05	 0.005272
0.0010101795196533203	83.85714285714286	7.2e-05	 0.005272
0.0	83.85714285714286	0.000144	 0.005272
0.0009732246398925781	83.85714285714286	0.000144	 0.005272
0.0	83.85714285714286	0.000144	 0.005272
0.0010263919830322266	83.85714285714286	0.000144	 0.005272
0.0	83.85714285714286	0.000144	 0.005272
0.0009937286376953125	83.85714285714286	0.000144	 0.005272
0.0	83.85714285714286	0.000144	 0.005272
0.0	83.85714285714286	0.000144	 0.005272
0.0009992122650146484	83.85714285714286	0.000144	 0.005272
0.0	83.85714285714286	0.000144	 0.005272
0.0	83.85714285714286	0.000144	 0.005272
0.0009982585906982422	83.85714285714286	0.000144	 0.005272
0.0	83.85714285714286	0.000144	 0.005272
0.0	83.85714285714286	0.000144	 0.005272
0.0009686946868896484	83.85714285714286	0.000144	 0.005272
0.0	83.85714285714286	0.000144	 0.005272
0.0010263919830322266	83.85714285714286	0.000144	 0.005272
0.0	83.85714285714286	0.000144	 0.005272
0.0	83.85714285714286	0.000144	 0.005272
0.0009965896606445312	83.85714285714286	0.000144	 0.005272
0.0	83.85714285714286	0.000144	 0.005272
0.0	83.85714285714286	0.000144	 0.005272
0.000997304916381836	83.85714285714286	0.000144	 0.005272
0.0	83.85714285714286	0.000144	 0.005272
0.0	83.85714285714286	0.000144	 0.005272
0.0009968280792236328	83.85714285714286	0.000144	 0.005272
0.0	83.85714285714286	0.000144	 0.005272
0.0	 4.8e-05	 0.005272
0.0010263919830322266	 0.001584	 0.006808
0.0003994607925415039	 0.0001334	 0.00530368
83.85714285714286