0.0	2423.6603773584907	0.000144	 0.0053679999999999995
0.0009970664978027344	2423.6603773584907	4.8e-05	 0.005272
0.0	2423.6603773584907	4.8e-05	 0.005272
0.000997304916381836	2423.6603773584907	4.8e-05	 0.005272
0.0	2423.6603773584907	4.8e-05	 0.005272
0.0	2423.6603773584907	4.8e-05	 0.005272
0.0009970664978027344	2423.6603773584907	4.8e-05	 0.005272
0.0	2423.6603773584907	4.8e-05	 0.005272
0.0009980201721191406	2423.6603773584907	4.8e-05	 0.005272
0.0	2423.6603773584907	4.8e-05	 0.005272
0.0	 4.8e-05	 0.005272
0.0009980201721191406	 0.000144	 0.0053679999999999995
0.0003989458084106445	 5.759999999999999e-05	 0.005281599999999999
2423.6603773584907