0.03991532325744629	880.0	0.0059039999999999995	 0.6614
0.038873910903930664	880.0	0.002672	 0.6568879999999999
0.0388941764831543	880.0	0.002672	 0.6568879999999999
0.03789925575256348	880.0	0.002672	 0.6568879999999999
0.036900997161865234	880.0	0.002672	 0.6568879999999999
0.039893388748168945	880.0	0.003328	 0.6568879999999999
0.050852060317993164	880.0	0.0032459999999999998	 0.657462
0.03988051414489746	880.0	0.002672	 0.6568879999999999
0.03890085220336914	880.0	0.002672	 0.6568879999999999
0.038890838623046875	880.0	0.002672	 0.6568879999999999
0.036900997161865234	 0.002672	 0.6568879999999999
0.050852060317993164	 0.0059039999999999995	 0.6614
0.04009013175964356	 0.0031182000000000007	 0.6573966
880.0