0.03690028190612793	30.0	0.0059039999999999995	 0.6614
0.03394126892089844	30.0	0.002672	 0.6568879999999999
0.03589487075805664	30.0	0.002672	 0.6568879999999999
0.03288984298706055	30.0	0.002672	 0.6568879999999999
0.03390812873840332	30.0	0.002672	 0.6568879999999999
0.034929752349853516	30.0	0.002672	 0.6568879999999999
0.0359039306640625	30.0	0.0052959999999999995	 0.6594479999999999
0.0349118709564209	30.0	0.00443	 0.6576139999999999
0.052861690521240234	30.0	0.002672	 0.6568879999999999
0.04088854789733887	30.0	0.002672	 0.6568879999999999
0.03288984298706055	 0.002672	 0.6568879999999999
0.052861690521240234	 0.0059039999999999995	 0.6614
0.03730301856994629	 0.0034334000000000005	 0.6576677999999999
30.0