0.051896095275878906	6986.0	0.0059039999999999995	 0.6614
0.05282759666442871	6986.0	0.002672	 0.6568879999999999
0.0528569221496582	6986.0	0.002672	 0.6568879999999999
0.04288506507873535	6986.0	0.002672	 0.6568879999999999
0.03889727592468262	6986.0	0.005064	 0.659216
0.04188656806945801	6986.0	0.004096	 0.658616
0.03690195083618164	6986.0	0.003064	 0.6573439999999999
0.03690195083618164	6986.0	0.0035989999999999998	 0.6565909999999999
0.03590273857116699	6986.0	0.0027819999999999998	 0.656934
0.04188871383666992	6986.0	0.002672	 0.6568879999999999
0.03590273857116699	 0.002672	 0.6565909999999999
0.0528569221496582	 0.0059039999999999995	 0.6614
0.043284487724304196	 0.0035196999999999997	 0.6577652999999998
6986.0