0.0	5	0.0	 0.000292
0.0	35	0.0	 0.000292
0.0	24	0.0	 0.000272
0.0	47	0.0	 0.000292
0.0	64	0.0	 0.000292
0.0009982585906982422	96	0.0	 0.000292
0.0	31	0.0	 0.000272
0.0	96	0.0	 0.000292
0.0	104	0.0	 0.000272
0.0	133	0.0	 0.000292
0.0	47	0.0	 0.000272
0.0	81	0.0	 0.000292
0.0	47	0.0	 0.000292
0.0009963512420654297	42	0.0	 0.000292
0.0	27	0.0	 0.000292
0.0	41	0.0	 0.000272
0.0	4	0.0	 0.000292
0.0	24	0.0	 0.000292
0.0	63	0.0	 0.000272
0.0	63	0.0	 0.000292
0.0	100	0.0	 0.000292
0.0	92	0.0	 0.000292
0.0	92	0.0	 0.000292
0.0	51	0.0	 0.000292
0.0009970664978027344	5	0.0	 0.000292
0.0	27	0.0	 0.000292
0.0	13	0.0	 0.000292
0.0	8	0.0	 0.000292
0.0	92	0.0	 0.000272
0.0	104	0.0	 0.000272
0.0	8	0.0	 0.000292
0.0	24	0.0	 0.000292
0.0	92	0.0	 0.000272
0.0	45	0.0	 0.000292
0.0	27	0.0	 0.000272
0.0009970664978027344	64	0.0	 0.000272
0.0	47	0.0	 0.000292
0.0	100	0.0	 0.000272
0.0	64	0.0	 0.000292
0.0	24	0.0	 0.000272
0.0	77	0.0	 0.000292
0.0	35	0.0	 0.000292
0.0	97	0.0	 0.000272
0.0	63	0.0	 0.000292
0.0	24	0.0	 0.000292
0.0	5	0.0	 0.000292
0.0	77	0.0	 0.000292
0.0009975433349609375	100	0.0	 0.000292
0.0	24	0.0	 0.000272
0.0	47	0.0	 0.000272
0.0	 0.0	 0.000272
0.0009982585906982422	 0.0	 0.000292
9.972572326660156e-05	 0.0	 0.0002856
5