0.0	6	0.0	 0.000272
0.0	9	0.0	 0.000272
0.0	9	0.0	 0.000272
0.0	12	0.0	 0.000272
0.0	9	0.0	 0.000272
0.0	12	0.0	 0.000272
0.0	2	0.0	 0.000272
0.0	9	0.0	 0.000272
0.0	6	0.0	 0.000272
0.0	9	0.0	 0.000272
0.0	9	0.0	 0.000272
0.0	9	0.0	 0.000272
0.0	6	0.0	 0.000272
0.0	12	0.0	 0.000272
0.0	9	0.0	 0.000272
0.0	6	0.0	 0.000272
0.0	6	0.0	 0.000272
0.0	9	0.0	 0.000272
0.0	8	0.0	 0.000272
0.0	9	0.0	 0.000272
0.0	9	0.0	 0.000272
0.0	6	0.0	 0.000272
0.0009982585906982422	6	0.0	 0.000272
0.0	2	0.0	 0.000272
0.0	4	0.0	 0.000272
0.0	12	0.0	 0.000272
0.0	9	0.0	 0.000272
0.0	1	0.0	 0.000272
0.0	9	0.0	 0.000272
0.0	12	0.0	 0.000272
0.0	9	0.0	 0.000272
0.0	10	0.0	 0.000272
0.0	9	0.0	 0.000272
0.0	12	0.0	 0.000272
0.0	9	0.0	 0.000272
0.0	9	0.0	 0.000272
0.0	9	0.0	 0.000272
0.0	2	0.0	 0.000272
0.0	12	0.0	 0.000272
0.0	9	0.0	 0.000272
0.0	9	0.0	 0.000272
0.0	6	0.0	 0.000272
0.0	5	0.0	 0.000272
0.0	9	0.0	 0.000272
0.0	2	0.0	 0.000272
0.0	6	0.0	 0.000272
0.0	6	0.0	 0.000272
0.0	9	0.0	 0.000272
0.0	9	0.0	 0.000272
0.0	7	0.0	 0.000272
0.0	 0.0	 0.000272
0.0009982585906982422	 0.0	 0.000272
1.9965171813964843e-05	 0.0	 0.00027199999999999984
6