0.007976770401000977	0	0.0	 0.0028239999999999997
0.010002374649047852	0	0.0	 0.0028239999999999997
0.00797891616821289	0	0.0	 0.0028239999999999997
0.00997471809387207	0	0.0	 0.0028239999999999997
0.008945703506469727	0	0.0	 0.0028239999999999997
0.009996414184570312	0	0.0	 0.0028239999999999997
0.008954524993896484	0	0.0	 0.0028239999999999997
0.008975505828857422	0	0.0	 0.0028239999999999997
0.009004354476928711	0	0.0	 0.0028239999999999997
0.007978200912475586	0	0.0	 0.0028239999999999997
0.007976770401000977	 0.0	 0.0028239999999999997
0.010002374649047852	 0.0	 0.0028239999999999997
0.008978748321533203	 0.0	 0.0028239999999999997
0