0.008002519607543945	0	0.0	 0.0028239999999999997
0.00897836685180664	0	0.0	 0.0028239999999999997
0.007982730865478516	0	0.0	 0.0028239999999999997
0.006975412368774414	0	0.0	 0.0028239999999999997
0.007978200912475586	0	0.0	 0.0028239999999999997
0.007978439331054688	0	0.0	 0.0028239999999999997
0.007979154586791992	0	0.0	 0.0028239999999999997
0.007979154586791992	0	0.0	 0.0028239999999999997
0.007984161376953125	0	0.0	 0.0028239999999999997
0.007979154586791992	0	0.0	 0.0028239999999999997
0.006975412368774414	 0.0	 0.0028239999999999997
0.00897836685180664	 0.0	 0.0028239999999999997
0.00798172950744629	 0.0	 0.0028239999999999997
0