0.007978439331054688	0	0.0	 0.0028239999999999997
0.00797891616821289	0	0.0	 0.0028239999999999997
0.006981849670410156	0	0.0	 0.0028239999999999997
0.007977962493896484	0	0.0	 0.0028239999999999997
0.007978677749633789	0	0.0	 0.0028239999999999997
0.007978439331054688	0	0.0	 0.0028239999999999997
0.006981372833251953	0	0.0	 0.0028239999999999997
0.00797891616821289	0	0.0	 0.0028239999999999997
0.007003307342529297	0	0.0	 0.0028239999999999997
0.008953571319580078	0	0.0	 0.0028239999999999997
0.006981372833251953	 0.0	 0.0028239999999999997
0.008953571319580078	 0.0	 0.0028239999999999997
0.007779145240783691	 0.0	 0.0028239999999999997
0