35.076905250549316	109178	0.011219999999999999	 55.735375999999995
33.66773343086243	109178	0.007994	 55.730118
33.20233178138733	109178	0.007939	 55.730062999999994
35.11533331871033	109178	0.007932	 55.730056
36.23071908950806	109178	0.007932	 55.730056
40.247955322265625	109178	0.007994	 55.730118
40.83869910240173	109178	0.007884	 55.730183999999994
35.513166666030884	109178	0.007884	 55.730183999999994
34.14014935493469	109178	0.007939	 55.730062999999994
33.18830585479736	109178	0.007939	 55.730062999999994
33.18830585479736	 0.007884	 55.730056
40.83869910240173	 0.011219999999999999	 55.735375999999995
35.72212991714478	 0.0082657	 55.730628100000004
109178