0.04587745666503906	20.0	0.0059039999999999995	 0.6614
0.039893150329589844	20.0	0.002672	 0.6568879999999999
0.06533503532409668	20.0	0.002672	 0.6568879999999999
0.03789854049682617	20.0	0.002672	 0.6568879999999999
0.05885052680969238	20.0	0.003047	 0.657199
0.18349647521972656	20.0	0.0032459999999999998	 0.657462
0.1347508430480957	20.0	0.006385	 0.660817
0.2188866138458252	20.0	0.002608	 0.656824
0.1830599308013916	20.0	0.0031019999999999997	 0.657254
0.1920304298400879	20.0	0.0032459999999999998	 0.657462
0.03789854049682617	 0.002608	 0.656824
0.2188866138458252	 0.006385	 0.6614
0.11600790023803711	 0.0035554000000000002	 0.6579081999999999
20.0