0.06682157516479492	1997.0	0.0059039999999999995	 0.6614
0.056848764419555664	1997.0	0.002672	 0.6568879999999999
0.03988981246948242	1997.0	0.002672	 0.6568879999999999
0.03789710998535156	1997.0	0.002672	 0.6568879999999999
1.9645137786865234	1997.0	0.044252	 0.698356
0.04089212417602539	1997.0	0.051813	 0.704693
0.055849552154541016	1997.0	0.014816	 0.669032
0.038895368576049805	1997.0	0.002672	 0.6568879999999999
0.04140210151672363	1997.0	0.002672	 0.6568879999999999
0.03892827033996582	1997.0	0.002672	 0.6568879999999999
0.03789710998535156	 0.002672	 0.6568879999999999
1.9645137786865234	 0.051813	 0.704693
0.23819384574890137	 0.013281700000000002	 0.6674808999999999
1997.0