0.04388260841369629	200.0	0.0059039999999999995	 0.6614
0.042884111404418945	200.0	0.002672	 0.6568879999999999
0.04288601875305176	200.0	0.002672	 0.6568879999999999
0.04188728332519531	200.0	0.002672	 0.6568879999999999
0.04288792610168457	200.0	0.002672	 0.6568879999999999
0.041884660720825195	200.0	0.00729	 0.661442
0.04587841033935547	200.0	0.003829	 0.656693
0.04887270927429199	200.0	0.002672	 0.6568879999999999
0.04088783264160156	200.0	0.002672	 0.6568879999999999
0.042885780334472656	200.0	0.002672	 0.6568879999999999
0.04088783264160156	 0.002672	 0.656693
0.04887270927429199	 0.00729	 0.661442
0.043483734130859375	 0.0035727000000000003	 0.6577751000000001
200.0