0.003982067108154297	789	2.8e-05	 0.0018239999999999999
0.003985881805419922	952	2.8e-05	 0.0018239999999999999
0.0029916763305664062	1112	2.8e-05	 0.0018239999999999999
0.002991914749145508	1454	2.8e-05	 0.0018239999999999999
0.0029921531677246094	748	2.8e-05	 0.0018239999999999999
0.002992391586303711	561	2.8e-05	 0.0017679999999999998
0.003028392791748047	361	2.8e-05	 0.0017679999999999998
0.0029883384704589844	263	2.8e-05	 0.0017679999999999998
0.003957986831665039	1518	2.8e-05	 0.0018239999999999999
0.0029892921447753906	1218	2.8e-05	 0.0018239999999999999
0.0029883384704589844	 2.8e-05	 0.0017679999999999998
0.003985881805419922	 2.8e-05	 0.0018239999999999999
0.0032900094985961912	 2.7999999999999996e-05	 0.0018072000000000001
789