0.003988027572631836	103	0.0	 0.0017319999999999998
0.003999948501586914	125	0.0	 0.0017319999999999998
0.005022525787353516	12	0.0	 0.0017319999999999998
0.002978086471557617	69	0.0	 0.0017319999999999998
0.00495457649230957	66	0.0	 0.0017319999999999998
0.005040884017944336	100	0.0	 0.0017319999999999998
0.0029909610748291016	84	0.0	 0.0017319999999999998
0.002992868423461914	190	0.0	 0.0017319999999999998
0.002991199493408203	62	0.0	 0.0017319999999999998
0.00598454475402832	34	0.0	 0.0017319999999999998
0.002978086471557617	 0.0	 0.0017319999999999998
0.00598454475402832	 0.0	 0.0017319999999999998
0.004094362258911133	 0.0	 0.0017319999999999996
103