19.972252368927002	0	0.005503999999999999	 0.199152
18.733133792877197	0	0.005502	 0.19419799999999998
18.385879278182983	0	0.00556	 0.194908
17.497549772262573	0	0.00567	 0.194298
17.341565132141113	0	0.005502	 0.194466
17.90572953224182	0	0.005503999999999999	 0.194136
16.834222316741943	0	0.00567	 0.194654
17.15535306930542	0	0.005384	 0.194455
18.398051500320435	0	0.0054399999999999995	 0.194436
20.6653151512146	0	0.0055569999999999994	 0.193913
16.834222316741943	 0.005384	 0.193913
20.6653151512146	 0.00567	 0.199152
18.28890519142151	 0.0055293	 0.19486160000000002
0