0.056849002838134766	100	0.000968	 0.0052
0.0518646240234375	42	0.000856	 0.0051519999999999995
0.04487419128417969	0	0.0007599999999999999	 0.0051519999999999995
0.046875	13	0.000856	 0.005088
0.049866437911987305	92	0.00394	 0.008917
0.054854631423950195	51	0.001429	 0.005725
0.04787087440490723	84	0.000856	 0.0051519999999999995
0.049875736236572266	35	0.000856	 0.005088
0.046865224838256836	0	0.0007599999999999999	 0.0051519999999999995
0.053879499435424805	0	0.002882	 0.009382
0.052835702896118164	64	0.001485	 0.006031
0.048868417739868164	0	0.0007599999999999999	 0.005096
0.045877933502197266	104	0.000856	 0.005088
0.045877695083618164	0	0.0007599999999999999	 0.005064
0.04587745666503906	84	0.004633	 0.008808999999999999
0.04388165473937988	35	0.001936	 0.006144
0.05086326599121094	0	0.001389	 0.006031
0.04539632797241211	13	0.000824	 0.005088
0.0468752384185791	97	0.000856	 0.005088
0.04787445068359375	51	0.000856	 0.0051519999999999995
0.04388141632080078	51	0.000856	 0.0051519999999999995
0.04587841033935547	64	0.003149	 0.009191
0.04487895965576172	104	0.001008	 0.005248
0.049866676330566406	42	0.001374	 0.00567
0.09574508666992188	0	0.0007599999999999999	 0.0051519999999999995
0.0638282299041748	84	0.000856	 0.0051519999999999995
0.06105804443359375	104	0.001511	 0.00796
0.0498654842376709	0	0.000816	 0.005208
0.04487872123718262	100	0.000856	 0.005064
0.04488039016723633	0	0.0007599999999999999	 0.005088
0.04738140106201172	35	0.000824	 0.0051519999999999995
0.04788327217102051	84	0.004599	 0.008742999999999999
0.05284714698791504	104	0.0016519999999999998	 0.006078999999999999
0.05286002159118652	51	0.0008799999999999999	 0.005176
0.05186009407043457	81	0.000848	 0.005111999999999999
0.04590964317321777	97	0.0008799999999999999	 0.005111999999999999
0.049834251403808594	133	0.004830999999999999	 0.008990999999999999
0.04587578773498535	97	0.0009119999999999999	 0.005144
0.04989767074584961	64	0.0008799999999999999	 0.005176
0.046866655349731445	84	0.0008799999999999999	 0.005088
0.04687690734863281	84	0.0008799999999999999	 0.005176
0.04684925079345703	81	0.0046949999999999995	 0.008903
0.059868812561035156	84	0.0015329999999999999	 0.00639
0.04784274101257324	104	0.0008799999999999999	 0.005176
0.04790067672729492	84	0.0008799999999999999	 0.005088
0.04983663558959961	13	0.0008799999999999999	 0.005176
0.04687333106994629	64	0.004731	 0.008938999999999999
0.04787135124206543	0	0.001405	 0.006023
0.049379587173461914	9	0.0008799999999999999	 0.005176
0.048865556716918945	84	0.000848	 0.005088
0.04388141632080078	 0.0007599999999999999	 0.005064
0.09574508666992188	 0.004830999999999999	 0.009382
0.050120911598205566	 0.0015052400000000006	 0.005947839999999999
100