0.052881479263305664	945	0.000936	 0.005176
0.050858497619628906	1467	0.000824	 0.005064
0.05186724662780762	1151	0.000856	 0.005064
0.05183148384094238	1001	0.000856	 0.0051519999999999995
0.05186104774475098	569	0.003852	 0.008846999999999999
0.05679678916931152	853	0.0009119999999999999	 0.005208
0.05086398124694824	1028	0.000856	 0.0051519999999999995
0.05835294723510742	635	0.000856	 0.0051519999999999995
0.05884075164794922	0	0.0007599999999999999	 0.0051519999999999995
0.050864219665527344	1777	0.004097	 0.008945
0.050858497619628906	 0.0007599999999999999	 0.005064
0.05884075164794922	 0.004097	 0.008945
0.05350184440612793	 0.0014804999999999998	 0.005891199999999998
945