0.05385589599609375	0	0.0022559999999999998	 0.006647999999999999
0.04986763000488281	0	0.001371	 0.005763
0.055849313735961914	9	0.000856	 0.005064
0.04188847541809082	12	0.000824	 0.005064
0.042934417724609375	12	0.000856	 0.005088
0.042850494384765625	12	0.002985	 0.008806999999999999
0.04188680648803711	0	0.000944	 0.005336
0.04390525817871094	6	0.001743	 0.006039
0.0533449649810791	0	0.000982	 0.0052959999999999995
0.06586194038391113	3	0.0011229999999999999	 0.005418999999999999
0.09071946144104004	0	0.0007599999999999999	 0.0051519999999999995
0.09177088737487793	12	0.0015689999999999999	 0.008094
0.07479619979858398	8	0.0009119999999999999	 0.005144
0.0927431583404541	9	0.000856	 0.0051519999999999995
0.08378195762634277	0	0.003636	 0.008028
0.08028721809387207	0	0.001334	 0.005725999999999999
0.09375786781311035	12	0.000856	 0.0051519999999999995
0.10072922706604004	9	0.0017369999999999998	 0.008642
0.09973406791687012	12	0.0009119999999999999	 0.005144
0.06981158256530762	9	0.000856	 0.005064
0.0688161849975586	0	0.0015279999999999998	 0.00714
0.08078289031982422	9	0.0009119999999999999	 0.0051519999999999995
0.0987386703491211	9	0.000856	 0.005088
0.08476996421813965	12	0.003841	 0.008417
0.09873652458190918	0	0.000816	 0.005208
0.056856632232666016	6	0.000856	 0.005088
0.05284929275512695	6	0.000824	 0.0051519999999999995
0.04887032508850098	4	0.0037709999999999996	 0.008607
0.08577132225036621	6	0.0009119999999999999	 0.005208
0.07380270957946777	7	0.000856	 0.005104
0.07779264450073242	0	0.001361	 0.008842
0.07081079483032227	0	0.000816	 0.005144
0.06383204460144043	12	0.0008799999999999999	 0.005111999999999999
0.06681704521179199	8	0.0008799999999999999	 0.005088
0.07081103324890137	3	0.001761	 0.008123
0.04886960983276367	12	0.0009119999999999999	 0.0051519999999999995
0.04890012741088867	3	0.0008799999999999999	 0.005088
0.04587054252624512	0	0.000784	 0.005176
0.04585433006286621	12	0.0008799999999999999	 0.005176
0.04490804672241211	0	0.004601	 0.008929
0.04587435722351074	0	0.001797	 0.006886
0.046874046325683594	0	0.000784	 0.005176
0.0448765754699707	12	0.0008799999999999999	 0.005088
0.044858694076538086	0	0.000784	 0.005176
0.043882131576538086	6	0.0008799999999999999	 0.005176
0.0458528995513916	12	0.0031119999999999997	 0.009566
0.0468752384185791	0	0.001437	 0.0061589999999999995
0.04487872123718262	9	0.0008799999999999999	 0.005088
0.04488086700439453	6	0.0008799999999999999	 0.005176
0.043881893157958984	0	0.000784	 0.005176
0.04188680648803711	 0.0007599999999999999	 0.005064
0.10072922706604004	 0.004601	 0.009566
0.06315145969390869	 0.0013702599999999999	 0.006009660000000001
0