0.001995563507080078	40	0.00448	 0.01952
0.002997875213623047	40	0.001344	 0.015488
0.003992795944213867	40	0.001232	 0.015375999999999999
0.001994609832763672	40	0.001232	 0.015375999999999999
0.0009906291961669922	40	0.001232	 0.015375999999999999
0.0019953250885009766	40	0.001232	 0.015375999999999999
0.001993894577026367	40	0.001232	 0.015375999999999999
0.000997304916381836	40	0.001232	 0.015375999999999999
0.0029973983764648438	40	0.001232	 0.015375999999999999
0.003986358642578125	40	0.001232	 0.015375999999999999
0.0009906291961669922	 0.001232	 0.015375999999999999
0.003992795944213867	 0.00448	 0.01952
0.0023941755294799804	 0.0015680000000000004	 0.0158016
40