0.009998083114624023	197	0.00448	 0.093856
0.013962268829345703	197	0.001344	 0.089824
0.014960527420043945	197	0.001232	 0.089712
0.010015726089477539	197	0.001971	 0.090288
0.010929107666015625	197	0.001232	 0.089712
0.01052093505859375	197	0.001232	 0.089712
0.008975505828857422	197	0.001232	 0.089712
0.0109710693359375	197	0.001232	 0.089712
0.01495981216430664	197	0.001232	 0.089712
0.013962268829345703	197	0.001232	 0.089712
0.008975505828857422	 0.001232	 0.089712
0.014960527420043945	 0.00448	 0.093856
0.011925530433654786	 0.0016419000000000004	 0.0901952
197