0.27027273178100586	1959	0.005023	 1.022203
0.2892277240753174	1959	0.0024679999999999997	 1.021958
0.4867360591888428	1959	0.002532	 1.018816
0.273862361907959	1959	0.004167	 1.020451
0.25580358505249023	1959	0.001665	 1.017949
0.2683601379394531	1959	0.002141	 1.018425
0.335097074508667	1959	0.004291	 1.020575
0.275240421295166	1959	0.00418	 1.022094
0.27028393745422363	1959	0.004227	 1.020729
0.2922186851501465	1959	0.002477	 1.018761
0.25580358505249023	 0.001665	 1.017949
0.4867360591888428	 0.005023	 1.022203
0.30171027183532717	 0.0033171	 1.0201961
1959