0.050865888595581055	1	0.0065439999999999995	 0.65836
0.05485105514526367	1	0.005072	 0.6568879999999999
0.04787778854370117	1	0.005072	 0.6568879999999999
0.061834096908569336	1	0.011831	 0.663647
0.04188895225524902	1	0.0070469999999999994	 0.658863
0.07380366325378418	1	0.005357	 0.657064
0.11568975448608398	1	0.005072	 0.6568879999999999
0.10471892356872559	1	0.008919999999999999	 0.6568879999999999
0.07480645179748535	1	0.006357	 0.6568849999999999
0.06988811492919922	1	0.005072	 0.6568879999999999
0.04188895225524902	 0.005072	 0.6568849999999999
0.11568975448608398	 0.011831	 0.663647
0.06962246894836426	 0.0066344	 0.6579259000000001
1