0.13064980506896973	481	0.009857	 0.65836
0.13125038146972656	481	0.005928	 0.657484
0.1326456069946289	481	0.008505	 0.6568879999999999
0.13067960739135742	481	0.005036	 0.656824
0.1302037239074707	481	0.005667999999999999	 0.6568879999999999
0.129713773727417	481	0.005673999999999999	 0.657462
0.1306455135345459	481	0.008537	 0.6568879999999999
0.1309068202972412	481	0.005036	 0.656824
0.1298375129699707	481	0.005588999999999999	 0.6568879999999999
0.13197708129882812	481	0.005673999999999999	 0.657462
0.129713773727417	 0.005036	 0.656824
0.1326456069946289	 0.009857	 0.65836
0.13085098266601564	 0.0065504	 0.6571967999999999
481