0.05485057830810547	11	0.011755999999999999	 0.665671
0.6713416576385498	11	0.024534999999999998	 0.6751309999999999
0.05883932113647461	11	0.05296	 0.704728
0.053858041763305664	11	0.039728	 0.6915439999999999
0.055008888244628906	11	0.005072	 0.6568879999999999
0.053858280181884766	11	0.008631	 0.6568879999999999
0.05881237983703613	11	0.006797	 0.6587839999999999
0.06582450866699219	11	0.005072	 0.6568879999999999
0.05884432792663574	11	0.005072	 0.6568879999999999
0.058841705322265625	11	0.005072	 0.6568879999999999
0.053858041763305664	 0.005072	 0.6568879999999999
0.6713416576385498	 0.05296	 0.704728
0.11900796890258789	 0.016469499999999998	 0.6680298
11