0.0	17.0	0.00047999999999999996	 0.005656
0.0009980201721191406	17.0	0.00047999999999999996	 0.005656
0.0	17.0	0.00047999999999999996	 0.005656
0.0009975433349609375	17.0	0.00047999999999999996	 0.005656
0.0	17.0	0.00047999999999999996	 0.005656
0.0009984970092773438	17.0	0.00047999999999999996	 0.005656
0.0009992122650146484	17.0	0.00047999999999999996	 0.005656
0.0	17.0	0.00047999999999999996	 0.005656
0.0009989738464355469	17.0	0.00047999999999999996	 0.005656
0.0009942054748535156	17.0	0.00047999999999999996	 0.005656
0.0	 0.00047999999999999996	 0.005656
0.0009992122650146484	 0.00047999999999999996	 0.005656
0.0005986452102661133	 0.00047999999999999985	 0.0056560000000000004
17.0