0.000997781753540039	3715.0	0.001776	 0.006999999999999999
0.0	3715.0	4.8e-05	 0.005272
0.0	3715.0	4.8e-05	 0.005272
0.0	3715.0	4.8e-05	 0.005272
0.0	3715.0	4.8e-05	 0.005272
0.0010263919830322266	3715.0	4.8e-05	 0.005272
0.0	3715.0	4.8e-05	 0.005272
0.0	3715.0	4.8e-05	 0.005272
0.0009968280792236328	3715.0	4.8e-05	 0.005272
0.0	3715.0	4.8e-05	 0.005272
0.0	 4.8e-05	 0.005272
0.0010263919830322266	 0.001776	 0.006999999999999999
0.0003021001815795898	 0.00022079999999999995	 0.005444799999999999
3715.0