0.0009748935699462891	197.0	0.0019199999999999998	 0.007096
0.0	197.0	0.00047999999999999996	 0.005656
0.0	197.0	0.00047999999999999996	 0.005656
0.0010194778442382812	197.0	0.00047999999999999996	 0.005656
0.0	197.0	0.00047999999999999996	 0.005656
0.0	197.0	0.00047999999999999996	 0.005656
0.0009963512420654297	197.0	0.00047999999999999996	 0.005656
0.0	197.0	0.00047999999999999996	 0.005656
0.0	197.0	0.00047999999999999996	 0.005656
0.000997304916381836	197.0	0.00047999999999999996	 0.005656
0.0	 0.00047999999999999996	 0.005656
0.0010194778442382812	 0.0019199999999999998	 0.007096
0.0003988027572631836	 0.0006239999999999998	 0.005800000000000001
197.0