0.9066863059997559	50	0.000712	 0.020134
0.8892500400543213	79	0.000704	 0.020461999999999998
0.945387601852417	79	0.000646	 0.020486
0.8791091442108154	7	0.000708	 0.020488
0.8657114505767822	80	0.000649	 0.020433
0.95210862159729	110	0.000704	 0.020434
0.9150905609130859	141	0.000646	 0.020488
0.8713104724884033	90	0.000594	 0.020062
0.8842341899871826	113	0.000601	 0.020059999999999998
0.8926346302032471	143	0.0005909999999999999	 0.020433
0.8657114505767822	 0.0005909999999999999	 0.020059999999999998
0.95210862159729	 0.000712	 0.020488
0.9001523017883301	 0.0006555	 0.020348
50