1.5808789730072021	509	0.00074	 0.020163999999999998
1.4979743957519531	1191	0.000567	 0.020055999999999997
1.0405423641204834	705	0.000677	 0.020546
0.978766918182373	401	0.000567	 0.020548
0.9608817100524902	602	0.000677	 0.020546
0.9740638732910156	439	0.0006219999999999999	 0.020034
0.9770336151123047	1163	0.000739	 0.020574
0.966503381729126	807	0.000677	 0.020522
1.1177725791931152	838	0.000732	 0.020461999999999998
0.9591114521026611	1149	0.0006839999999999999	 0.020142
0.9591114521026611	 0.000567	 0.020034
1.5808789730072021	 0.00074	 0.020574
1.1053529262542725	 0.0006682	 0.020359399999999996
509