0.9972271919250488	17	0.000712	 0.02011
1.9199659824371338	2	0.000601	 0.020002
1.2785727977752686	13	0.000601	 0.019974
1.6047639846801758	25	0.000594	 0.020003999999999997
0.9883778095245361	10	0.000594	 0.020083999999999998
1.2257227897644043	12	0.000601	 0.020055999999999997
1.0367910861968994	3	0.000594	 0.020083999999999998
1.152069330215454	13	0.0007109999999999999	 0.020512
1.0970799922943115	4	0.000594	 0.020055999999999997
0.8746793270111084	14	0.000601	 0.020082
0.8746793270111084	 0.000594	 0.019974
1.9199659824371338	 0.000712	 0.020512
1.217525029182434	 0.0006203	 0.020096399999999993
17