0.002034425735473633	1998.996	0.002424	 0.075724
0.001953125	1998.996	0.002424	 0.07577199999999999
0.0019936561584472656	1998.996	0.002424	 0.07577199999999999
0.0019960403442382812	1998.996	0.002424	 0.07577199999999999
0.0019943714141845703	1998.996	0.002424	 0.07577199999999999
0.002991914749145508	1998.996	0.002424	 0.07577199999999999
0.0019991397857666016	1998.996	0.002424	 0.07577199999999999
0.0019941329956054688	1998.996	0.002424	 0.07577199999999999
0.001993894577026367	1998.996	0.002424	 0.07577199999999999
0.0019943714141845703	1998.996	0.002424	 0.07577199999999999
0.001953125	 0.002424	 0.075724
0.002991914749145508	 0.002424	 0.07577199999999999
0.0020945072174072266	 0.0024239999999999995	 0.07576719999999998
1998.996