0.003986358642578125	45.0	0.002424	 0.075708
0.0009963512420654297	45.0	0.002424	 0.07575599999999999
0.000997304916381836	45.0	0.002424	 0.07575599999999999
0.0009970664978027344	45.0	0.002424	 0.07575599999999999
0.001994609832763672	45.0	0.002424	 0.07575599999999999
0.0019953250885009766	45.0	0.002424	 0.07575599999999999
0.003991127014160156	45.0	0.002424	 0.07575599999999999
0.0009963512420654297	45.0	0.002424	 0.07575599999999999
0.0019960403442382812	45.0	0.002424	 0.07575599999999999
0.001993894577026367	45.0	0.002424	 0.07575599999999999
0.0009963512420654297	 0.002424	 0.075708
0.003991127014160156	 0.002424	 0.07575599999999999
0.0019944429397583006	 0.0024239999999999995	 0.07575119999999998
45.0