0.002048492431640625	212.5	0.002424	 0.07574
0.001939535140991211	212.5	0.002424	 0.075788
0.000997304916381836	212.5	0.002424	 0.075788
0.0019943714141845703	212.5	0.002424	 0.075788
0.0009975433349609375	212.5	0.002424	 0.075788
0.0029947757720947266	212.5	0.002424	 0.075788
0.0019931793212890625	212.5	0.002424	 0.075788
0.001994609832763672	212.5	0.002424	 0.075788
0.0009965896606445312	212.5	0.002424	 0.075788
0.002994060516357422	212.5	0.002424	 0.075788
0.0009965896606445312	 0.002424	 0.07574
0.0029947757720947266	 0.002424	 0.075788
0.0018950462341308593	 0.0024239999999999995	 0.07578319999999998
212.5