7.5423760414123535	197	0.00537	 0.079141
6.3379967212677	197	0.005345	 0.051857
6.630725145339966	197	0.0057079999999999995	 0.053105
7.0037620067596436	197	0.005598	 0.053001
7.349743366241455	197	0.005488	 0.052499
6.301522731781006	197	0.005704	 0.053614999999999996
5.6473448276519775	197	0.0057079999999999995	 0.053069
6.094276189804077	197	0.00551	 0.053131
5.587073087692261	197	0.0062759999999999995	 0.053803
5.614053249359131	197	0.005765999999999999	 0.053145
5.587073087692261	 0.005345	 0.051857
7.5423760414123535	 0.0062759999999999995	 0.079141
6.410887336730957	 0.005647299999999999	 0.0556366
197