6.113641023635864	3715	0.0056	 0.05372
6.001544713973999	3715	0.005598	 0.053538999999999996
5.968008518218994	3715	0.005598	 0.053221
6.00892186164856	3715	0.005542	 0.053417
6.0288684368133545	3715	0.005765999999999999	 0.053287
6.06988000869751	3715	0.005487	 0.053387
6.087710857391357	3715	0.0056229999999999995	 0.053451
5.93263578414917	3715	0.00571	 0.053302999999999996
5.975034713745117	3715	0.0054009999999999996	 0.053418
6.061786651611328	3715	0.005488	 0.05336
5.93263578414917	 0.0054009999999999996	 0.053221
6.113641023635864	 0.005765999999999999	 0.05372
6.024803256988525	 0.005581299999999999	 0.0534103
3715