0.05086350440979004	17	0.004664	 0.049935999999999994
0.09075665473937988	17	0.004664	 0.050303999999999995
0.18575620651245117	17	0.005594	 0.060738999999999994
0.03590202331542969	17	0.004664	 0.049504
0.24635934829711914	17	0.005399999999999999	 0.052774999999999996
0.01795172691345215	17	0.004664	 0.049512
0.06582427024841309	17	0.004664	 0.050103999999999996
0.07679295539855957	17	0.004664	 0.049856
0.01894974708557129	17	0.004748	 0.049852
0.16455960273742676	17	0.005399999999999999	 0.054095
0.01795172691345215	 0.004664	 0.049504
0.24635934829711914	 0.005594	 0.060738999999999994
0.09537160396575928	 0.0049126000000000005	 0.0516677
17