0.03889632225036621	467.0	0.004144	 0.65836
0.03889656066894531	467.0	0.005177	 0.6619229999999999
0.0434262752532959	467.0	0.00443	 0.6576139999999999
0.03990507125854492	467.0	0.002672	 0.6568879999999999
0.03890490531921387	467.0	0.002672	 0.6568879999999999
0.03889632225036621	467.0	0.002672	 0.6568879999999999
0.04189467430114746	467.0	0.002672	 0.6568879999999999
0.038899898529052734	467.0	0.007665	 0.6618809999999999
0.04188823699951172	467.0	0.003725	 0.656845
0.04288530349731445	467.0	0.002672	 0.6568879999999999
0.03889632225036621	 0.002672	 0.656845
0.0434262752532959	 0.007665	 0.6619229999999999
0.04044935703277588	 0.0038501	 0.6581063
467.0