0.0359041690826416	3551.0	0.0036639999999999997	 0.65788
0.032935142517089844	3551.0	0.002672	 0.6568879999999999
0.033908843994140625	3551.0	0.002672	 0.6568879999999999
0.03488326072692871	3551.0	0.008457	 0.662673
0.033937692642211914	3551.0	0.003816	 0.6582239999999999
0.03388261795043945	3551.0	0.002848	 0.657064
0.03593158721923828	3551.0	0.0028	 0.6570159999999999
0.03792834281921387	3551.0	0.003134	 0.6560619999999999
0.0359041690826416	3551.0	0.002672	 0.6568879999999999
0.03687143325805664	3551.0	0.002672	 0.6568879999999999
0.032935142517089844	 0.002672	 0.6560619999999999
0.03792834281921387	 0.008457	 0.662673
0.035208725929260255	 0.0035407	 0.6576470999999999
3551.0