0.03789854049682617	30.0	0.0036639999999999997	 0.65788
0.04188847541809082	30.0	0.002672	 0.6568879999999999
0.03690028190612793	30.0	0.007732999999999999	 0.661949
0.03490710258483887	30.0	0.004599	 0.6588149999999999
0.03789854049682617	30.0	0.003237	 0.656165
0.043883562088012695	30.0	0.002672	 0.6568879999999999
0.06981325149536133	30.0	0.002672	 0.6568879999999999
0.042883872985839844	30.0	0.002672	 0.6568879999999999
0.0468747615814209	30.0	0.007640999999999999	 0.6618569999999999
0.03989362716674805	30.0	0.004647	 0.658863
0.03490710258483887	 0.002672	 0.656165
0.06981325149536133	 0.007732999999999999	 0.661949
0.04328420162200928	 0.0042209	 0.6583081
30.0