0.0009951591491699219	3459	0.046391999999999996	 0.055639999999999995
0.0009980201721191406	3459	0.026439999999999998	 0.035688
0.0009968280792236328	3459	0.026439999999999998	 0.035688
0.0009980201721191406	3459	0.026439999999999998	 0.035688
0.0009970664978027344	3459	0.026439999999999998	 0.035688
0.001994609832763672	3459	0.042344	 0.051592
0.0020241737365722656	3459	0.033776	 0.043024
0.0009975433349609375	3459	0.026439999999999998	 0.035688
0.0009911060333251953	3459	0.026439999999999998	 0.035688
0.0009739398956298828	3459	0.026439999999999998	 0.035688
0.0009739398956298828	 0.026439999999999998	 0.035688
0.0020241737365722656	 0.046391999999999996	 0.055639999999999995
0.0011966466903686524	 0.030759200000000004	 0.0400072
3459