0.000997781753540039	17	0.031024	 0.033232
0.0	17	0.005503999999999999	 0.007711999999999999
0.0	17	0.005503999999999999	 0.007711999999999999
0.0	17	0.005503999999999999	 0.007711999999999999
0.0	17	0.005503999999999999	 0.007711999999999999
0.0	17	0.005503999999999999	 0.007711999999999999
0.0009982585906982422	17	0.005503999999999999	 0.007711999999999999
0.0	17	0.005503999999999999	 0.007711999999999999
0.0	17	0.005503999999999999	 0.007711999999999999
0.0009965896606445312	17	0.005503999999999999	 0.007711999999999999
0.0	 0.005503999999999999	 0.007711999999999999
0.0009982585906982422	 0.031024	 0.033232
0.00029926300048828126	 0.008055999999999999	 0.010263999999999997
17