0.0009989738464355469	207	0.025456	 0.027663999999999998
0.0	207	0.005503999999999999	 0.007711999999999999
0.0009963512420654297	207	0.005503999999999999	 0.007711999999999999
0.0	207	0.005503999999999999	 0.007711999999999999
0.0009992122650146484	207	0.005503999999999999	 0.007711999999999999
0.0009953975677490234	207	0.005503999999999999	 0.007711999999999999
0.0	207	0.005503999999999999	 0.007711999999999999
0.0	207	0.005503999999999999	 0.007711999999999999
0.000995635986328125	207	0.005503999999999999	 0.007711999999999999
0.0	207	0.007632	 0.00984
0.0	 0.005503999999999999	 0.007711999999999999
0.0009992122650146484	 0.025456	 0.027663999999999998
0.0004985570907592773	 0.007711999999999999	 0.009919999999999998
207