0.03889751434326172	42	0.002192	 0.10026399999999999
0.03590035438537598	42	0.0050609999999999995	 0.10313299999999999
0.0379030704498291	42	0.001646	 0.101062
0.05684494972229004	42	4.8e-05	 0.0998
0.05585026741027832	42	4.8e-05	 0.0998
0.05684852600097656	42	4.8e-05	 0.0998
0.04088926315307617	42	0.002245	 0.1042
0.0359039306640625	42	0.001173	 0.100925
0.04738450050354004	42	4.8e-05	 0.0998
0.05486416816711426	42	4.8e-05	 0.0998
0.03590035438537598	 4.8e-05	 0.0998
0.05684852600097656	 0.0050609999999999995	 0.1042
0.04612865447998047	 0.0012556999999999998	 0.10085839999999999
42