0.0009953975677490234	26	0.0006479999999999999	 0.005656
0.000997304916381836	26	0.00047999999999999996	 0.005656
0.0	26	0.00047999999999999996	 0.005656
0.0009970664978027344	26	0.00047999999999999996	 0.005656
0.0	26	0.00047999999999999996	 0.005656
0.0009975433349609375	26	0.00047999999999999996	 0.005656
0.0	26	0.00047999999999999996	 0.005656
0.0009975433349609375	26	0.00047999999999999996	 0.005656
0.000997304916381836	26	0.000336	 0.00556
0.0	26	4.8e-05	 0.005272
0.0009965896606445312	26	4.8e-05	 0.005272
0.0	26	4.8e-05	 0.005272
0.0009984970092773438	26	4.8e-05	 0.005272
0.000997304916381836	26	4.8e-05	 0.005272
0.0	26	4.8e-05	 0.005272
0.000997781753540039	26	4.8e-05	 0.005272
0.001996278762817383	26	4.8e-05	 0.005272
0.0009958744049072266	26	4.8e-05	 0.005272
0.0010113716125488281	26	4.8e-05	 0.005272
0.0	26	4.8e-05	 0.005272
0.0	26	4.8e-05	 0.005272
0.0009810924530029297	26	4.8e-05	 0.005272
0.0009949207305908203	26	4.8e-05	 0.005272
0.0009961128234863281	26	4.8e-05	 0.005272
0.0	26	4.8e-05	 0.005272
0.0009958744049072266	26	4.8e-05	 0.005272
0.0009968280792236328	26	4.8e-05	 0.005272
0.0	26	4.8e-05	 0.005272
0.0009975433349609375	26	4.8e-05	 0.005272
0.0	26	4.8e-05	 0.005272
0.0009968280792236328	26	4.8e-05	 0.005272
0.0	26	4.8e-05	 0.005272
0.0	26	7.2e-05	 0.005272
0.000997304916381836	26	7.2e-05	 0.005272
0.0	26	0.000136	 0.005272
0.0009975433349609375	26	0.000136	 0.005272
0.0009982585906982422	26	0.000136	 0.005272
0.0	26	0.000136	 0.005272
0.0009968280792236328	26	0.000136	 0.005272
0.0010037422180175781	26	0.000136	 0.005272
0.0019981861114501953	26	0.000136	 0.005272
0.0009951591491699219	26	0.000136	 0.005272
0.0009911060333251953	26	0.000136	 0.005272
0.0009965896606445312	26	0.000136	 0.005272
0.0	26	0.000136	 0.005272
0.0009958744049072266	26	0.000136	 0.005272
0.0	26	0.000136	 0.005272
0.000997304916381836	26	0.000136	 0.005272
0.0	26	0.000136	 0.005272
0.0009975433349609375	26	0.000136	 0.005272
0.0	 4.8e-05	 0.005272
0.0019981861114501953	 0.0006479999999999999	 0.005656
0.0006780099868774415	 0.00015536000000000008	 0.0053392
26