0.0009970664978027344	28	0.002064	 0.012784
0.0029935836791992188	28	0.001728	 0.012447999999999999
0.0019953250885009766	28	0.0007199999999999999	 0.012447999999999999
0.0019927024841308594	28	4.8e-05	 0.012447999999999999
0.004990816116333008	28	4.8e-05	 0.012447999999999999
0.0069768428802490234	28	4.8e-05	 0.012447999999999999
0.0039920806884765625	28	4.8e-05	 0.012447999999999999
0.0020012855529785156	28	4.8e-05	 0.012447999999999999
0.0049893856048583984	28	4.8e-05	 0.012447999999999999
0.003987789154052734	28	4.8e-05	 0.012447999999999999
0.001989603042602539	28	4.8e-05	 0.012447999999999999
0.001997709274291992	28	4.8e-05	 0.012447999999999999
0.00199127197265625	28	4.8e-05	 0.012447999999999999
0.0009975433349609375	28	4.8e-05	 0.012447999999999999
0.004987955093383789	28	4.8e-05	 0.012447999999999999
0.0019843578338623047	28	4.8e-05	 0.012447999999999999
0.0019948482513427734	28	4.8e-05	 0.012447999999999999
0.000997304916381836	28	4.8e-05	 0.012447999999999999
0.001994609832763672	28	4.8e-05	 0.012447999999999999
0.001994609832763672	28	4.8e-05	 0.012447999999999999
0.002995014190673828	28	4.8e-05	 0.012447999999999999
0.003986358642578125	28	4.8e-05	 0.012447999999999999
0.004987239837646484	28	4.8e-05	 0.012447999999999999
0.001997232437133789	28	4.8e-05	 0.012447999999999999
0.005983591079711914	28	4.8e-05	 0.012447999999999999
0.003008604049682617	28	4.8e-05	 0.012447999999999999
0.0049762725830078125	28	4.8e-05	 0.012447999999999999
0.0019865036010742188	28	4.8e-05	 0.012447999999999999
0.002000093460083008	28	4.8e-05	 0.012447999999999999
0.0009911060333251953	28	4.8e-05	 0.012447999999999999
0.008979558944702148	28	4.8e-05	 0.012447999999999999
0.0029892921447753906	28	4.8e-05	 0.012447999999999999
0.006985187530517578	28	4.8e-05	 0.012447999999999999
0.003987312316894531	28	7.2e-05	 0.012471999999999999
0.0029914379119873047	28	7.2e-05	 0.012471999999999999
0.001991748809814453	28	7.2e-05	 0.012471999999999999
0.0009982585906982422	28	7.2e-05	 0.012471999999999999
0.0029892921447753906	28	7.2e-05	 0.012471999999999999
0.001993894577026367	28	7.2e-05	 0.012471999999999999
0.0020079612731933594	28	7.2e-05	 0.012471999999999999
0.005983114242553711	28	7.2e-05	 0.012471999999999999
0.0019838809967041016	28	7.2e-05	 0.012471999999999999
0.0019941329956054688	28	7.2e-05	 0.012471999999999999
0.0019953250885009766	28	7.2e-05	 0.012471999999999999
0.013962268829345703	28	7.2e-05	 0.012471999999999999
0.002511262893676758	28	7.2e-05	 0.012471999999999999
0.006979942321777344	28	7.2e-05	 0.012471999999999999
0.0019948482513427734	28	7.2e-05	 0.012471999999999999
0.0009970664978027344	28	7.2e-05	 0.012471999999999999
0.0009970664978027344	28	7.2e-05	 0.012471999999999999
0.0009911060333251953	 4.8e-05	 0.012447999999999999
0.013962268829345703	 0.002064	 0.012784
0.003281431198120117	 0.00014352000000000017	 0.012462880000000004
28