0.05385756492614746	7818.027746947836	0.009529	 0.661489
0.04787182807922363	7818.027746947836	0.005716	 0.658863
0.057773590087890625	7818.027746947836	0.004928	 0.6568879999999999
0.07878661155700684	7818.027746947836	0.004928	 0.6568879999999999
0.07280635833740234	7818.027746947836	0.008605	 0.6568879999999999
0.043825626373291016	7818.027746947836	0.0059169999999999995	 0.6576449999999999
0.06299090385437012	7818.027746947836	0.004928	 0.6568879999999999
0.04987764358520508	7818.027746947836	0.004928	 0.6568879999999999
0.052367210388183594	7818.027746947836	0.004928	 0.6568879999999999
0.05880022048950195	7818.027746947836	0.007415	 0.661891
0.043825626373291016	 0.004928	 0.6568879999999999
0.07878661155700684	 0.009529	 0.661891
0.057895755767822264	 0.0061822000000000005	 0.6581216000000001
7818.027746947836