0.0	197	0.007719999999999999	 0.008832
0.0	197	0.00308	 0.0041919999999999995
0.0009975433349609375	197	0.00308	 0.0041919999999999995
0.0	197	0.00308	 0.0041919999999999995
0.0	197	0.00308	 0.0041919999999999995
0.0	197	0.00308	 0.0041919999999999995
0.0	197	0.00308	 0.0041919999999999995
0.001001119613647461	197	0.00308	 0.0041919999999999995
0.0	197	0.0033829999999999997	 0.004495
0.0	197	0.00308	 0.0041919999999999995
0.0	 0.00308	 0.0041919999999999995
0.001001119613647461	 0.007719999999999999	 0.008832
0.00019986629486083983	 0.0035743	 0.0046863
197