0.000997304916381836	3715	0.020943999999999997	 0.023392
0.0009975433349609375	3715	0.017232	 0.01968
0.0	3715	0.017232	 0.01968
0.0	3715	0.017232	 0.01968
0.0009965896606445312	3715	0.017232	 0.01968
0.0	3715	0.017232	 0.01968
0.000997304916381836	3715	0.02328	 0.025727999999999997
0.000997304916381836	3715	0.017232	 0.01968
0.0009975433349609375	3715	0.017232	 0.01968
0.0	3715	0.017232	 0.01968
0.0	 0.017232	 0.01968
0.0009975433349609375	 0.02328	 0.025727999999999997
0.0005983591079711914	 0.018208	 0.020656
3715