0.003989696502685547	17.0	0.002704	 0.051552
0.003987789154052734	17.0	0.002672	 0.051519999999999996
0.0029914379119873047	17.0	0.002672	 0.051519999999999996
0.002991914749145508	17.0	0.002672	 0.051519999999999996
0.003991603851318359	17.0	0.002672	 0.051519999999999996
0.005982637405395508	17.0	0.002672	 0.051519999999999996
0.0029926300048828125	17.0	0.002672	 0.051519999999999996
0.003019571304321289	17.0	0.002672	 0.051519999999999996
0.002964496612548828	17.0	0.002672	 0.051519999999999996
0.005014896392822266	17.0	0.002672	 0.051519999999999996
0.002964496612548828	 0.002672	 0.051519999999999996
0.005982637405395508	 0.002704	 0.051552
0.0037926673889160157	 0.0026752000000000004	 0.051523200000000005
17.0