0.003965616226196289	207.0	0.004144	 0.052992
0.002991914749145508	207.0	0.002672	 0.051519999999999996
0.002991914749145508	207.0	0.002672	 0.051519999999999996
0.0029916763305664062	207.0	0.002672	 0.051519999999999996
0.002991914749145508	207.0	0.002672	 0.051519999999999996
0.0029921531677246094	207.0	0.002672	 0.051519999999999996
0.002991914749145508	207.0	0.002672	 0.051519999999999996
0.0029921531677246094	207.0	0.002672	 0.051519999999999996
0.002991914749145508	207.0	0.002672	 0.051519999999999996
0.0029921531677246094	207.0	0.002672	 0.051519999999999996
0.0029916763305664062	 0.002672	 0.051519999999999996
0.003965616226196289	 0.004144	 0.052992
0.0030893325805664063	 0.0028192000000000004	 0.0516672
207.0