0.0040128231048583984	3459.0	0.004144	 0.052992
0.002999544143676758	3459.0	0.002672	 0.051519999999999996
0.002991199493408203	3459.0	0.002672	 0.051519999999999996
0.002995014190673828	3459.0	0.002672	 0.051519999999999996
0.0029888153076171875	3459.0	0.002672	 0.051519999999999996
0.0029859542846679688	3459.0	0.002672	 0.051519999999999996
0.002991914749145508	3459.0	0.002672	 0.051519999999999996
0.0029916763305664062	3459.0	0.002672	 0.051519999999999996
0.002992391586303711	3459.0	0.002672	 0.051519999999999996
0.002991199493408203	3459.0	0.002672	 0.051519999999999996
0.0029859542846679688	 0.002672	 0.051519999999999996
0.0040128231048583984	 0.004144	 0.052992
0.003094053268432617	 0.0028192000000000004	 0.0516672
3459.0