0.002991914749145508	242.8108108108108	0.004168	 0.052992
0.003989219665527344	242.8108108108108	0.002768	 0.051519999999999996
0.002991914749145508	242.8108108108108	0.002768	 0.051519999999999996
0.0029921531677246094	242.8108108108108	0.002768	 0.051519999999999996
0.003989696502685547	242.8108108108108	0.002768	 0.051519999999999996
0.0029914379119873047	242.8108108108108	0.002768	 0.051519999999999996
0.0039899349212646484	242.8108108108108	0.019195999999999998	 0.07270399999999999
0.002991199493408203	242.8108108108108	0.004272	 0.053087999999999996
0.002991914749145508	242.8108108108108	0.002768	 0.051519999999999996
0.0029921531677246094	242.8108108108108	0.002768	 0.051519999999999996
0.002991199493408203	 0.002768	 0.051519999999999996
0.0039899349212646484	 0.019195999999999998	 0.07270399999999999
0.003291153907775879	 0.0047012	 0.0539424
242.8108108108108