0.004987001419067383	19.5	0.002728	 0.051552
0.003988504409790039	19.5	0.002768	 0.051519999999999996
0.0029916763305664062	19.5	0.002768	 0.051519999999999996
0.004018545150756836	19.5	0.002768	 0.051519999999999996
0.003960371017456055	19.5	0.002768	 0.051519999999999996
0.003989696502685547	19.5	0.002768	 0.051519999999999996
0.00401759147644043	19.5	0.002768	 0.051519999999999996
0.0029916763305664062	19.5	0.002768	 0.051519999999999996
0.0039899349212646484	19.5	0.002768	 0.051519999999999996
0.003991365432739258	19.5	0.002768	 0.051519999999999996
0.0029916763305664062	 0.002728	 0.051519999999999996
0.004987001419067383	 0.002768	 0.051552
0.0038926362991333007	 0.002764	 0.051523200000000005
19.5