0.004011392593383789	3466.299270072993	0.003208	 0.052031999999999995
0.003989219665527344	3466.299270072993	0.002768	 0.051519999999999996
0.002995014190673828	3466.299270072993	0.002768	 0.051519999999999996
0.0029964447021484375	3466.299270072993	0.002768	 0.051519999999999996
0.00299072265625	3466.299270072993	0.002768	 0.051519999999999996
0.0029931068420410156	3466.299270072993	0.002768	 0.051519999999999996
0.0029909610748291016	3466.299270072993	0.002768	 0.051519999999999996
0.003990888595581055	3466.299270072993	0.002768	 0.051519999999999996
0.002984285354614258	3466.299270072993	0.002768	 0.051519999999999996
0.0029916763305664062	3466.299270072993	0.002768	 0.051519999999999996
0.002984285354614258	 0.002768	 0.051519999999999996
0.004011392593383789	 0.003208	 0.052031999999999995
0.0032933712005615234	 0.002812	 0.051571200000000005
3466.299270072993