0.0	19	0.00308	 0.0041919999999999995
0.0	19	0.00308	 0.0041919999999999995
0.0	19	0.00308	 0.0041919999999999995
0.0	19	0.00308	 0.0041919999999999995
0.0	19	0.00308	 0.0041919999999999995
0.0	19	0.00308	 0.0041919999999999995
0.0	19	0.0034	 0.0045119999999999995
0.0009953975677490234	19	0.005528	 0.006136
0.0	19	0.006816	 0.007424
0.0	19	0.006816	 0.007424
0.0	 0.00308	 0.0041919999999999995
0.0009953975677490234	 0.006816	 0.007424
9.953975677490234e-05	 0.004104000000000001	 0.0050647999999999995
19