0.0	138	0.00308	 0.0041919999999999995
0.0009965896606445312	138	0.00308	 0.0041919999999999995
0.0	138	0.00308	 0.0041919999999999995
0.0009932518005371094	138	0.00308	 0.0041919999999999995
0.0	138	0.00308	 0.0041919999999999995
0.0009958744049072266	138	0.00308	 0.0041919999999999995
0.0010008811950683594	138	0.0032719999999999997	 0.004384
0.0	138	0.0034	 0.0045119999999999995
0.0010006427764892578	138	0.0034	 0.0045119999999999995
0.0009918212890625	138	0.0034	 0.0045119999999999995
0.0	 0.00308	 0.0041919999999999995
0.0010008811950683594	 0.0034	 0.0045119999999999995
0.0005979061126708985	 0.0031952	 0.004307200000000001
138