0.0	1502	0.0033599999999999997	 0.004332
0.0	1502	0.0033599999999999997	 0.004332
0.0009961128234863281	1502	0.0033599999999999997	 0.004332
0.0	1502	0.0033599999999999997	 0.004332
0.0	1502	0.0033599999999999997	 0.004332
0.0020079612731933594	1502	0.0033599999999999997	 0.004332
0.0	1502	0.004744	 0.005604
0.0009837150573730469	1502	0.0033599999999999997	 0.004332
0.0	1502	0.0033599999999999997	 0.004332
0.0	1502	0.0033599999999999997	 0.004332
0.0	 0.0033599999999999997	 0.004332
0.0020079612731933594	 0.004744	 0.005604
0.0003987789154052734	 0.0034983999999999996	 0.004459200000000001
1502