0.0019941329956054688	66	0.411389	 0.494951
0.0019989013671875	66	0.001344	 0.015488
0.001987934112548828	66	0.001232	 0.015375999999999999
0.0019989013671875	66	0.001232	 0.015375999999999999
0.0039861202239990234	66	0.001232	 0.015375999999999999
0.0009965896606445312	66	0.001232	 0.015375999999999999
0.0019943714141845703	66	0.001232	 0.015375999999999999
0.0019960403442382812	66	0.001232	 0.015375999999999999
0.00200653076171875	66	0.001232	 0.015375999999999999
0.0009837150573730469	66	0.001232	 0.015375999999999999
0.0009837150573730469	 0.001232	 0.015375999999999999
0.0039861202239990234	 0.411389	 0.494951
0.00199432373046875	 0.04225890000000001	 0.06334469999999995
66