0.31171703338623047	7536	0.005117	 1.279085
0.5355613231658936	7536	0.002532	 1.2754919999999998
0.46776366233825684	7536	0.002532	 1.2754919999999998
0.5031635761260986	7536	0.00247	 1.2754299999999998
0.3022122383117676	7536	0.002412	 1.275372
0.29424309730529785	7536	0.004075	 1.277035
0.3121330738067627	7536	0.00258	 1.27554
0.32575058937072754	7536	0.00247	 1.2754299999999998
0.3087313175201416	7536	0.0042439999999999995	 1.277204
0.3775033950805664	7536	0.0040869999999999995	 1.277199
0.29424309730529785	 0.002412	 1.275372
0.5355613231658936	 0.005117	 1.279085
0.3738779306411743	 0.0032519	 1.2763278999999998
7536