0.3231356143951416	1521	0.010511999999999999	 1.26914
0.37650203704833984	1521	0.0053289999999999995	 1.262989
0.36866092681884766	1521	0.005134	 1.2631109999999999
0.4432852268218994	1521	0.005131999999999999	 1.262792
0.2842385768890381	1521	0.005196	 1.263401
0.28324198722839355	1521	0.008010999999999999	 1.2646549999999999
0.2812488079071045	1521	0.005323	 1.264849
0.27933239936828613	1521	0.005194	 1.264564
0.3346884250640869	1521	0.008074	 1.2647819999999999
0.2897777557373047	1521	0.008225999999999999	 1.2649139999999999
0.27933239936828613	 0.005131999999999999	 1.262792
0.4432852268218994	 0.010511999999999999	 1.26914
0.3264111757278442	 0.006613099999999999	 1.2645197
1521