0.010956287384033203	1320	0.014915999999999999	 0.064264
0.007985353469848633	1320	0.006071	 0.053251
0.005983829498291016	1320	0.004044	 0.051519999999999996
0.00698089599609375	1320	0.004044	 0.051519999999999996
0.005983829498291016	1320	0.004044	 0.051519999999999996
0.007979154586791992	1320	0.004044	 0.051519999999999996
0.007977724075317383	1320	0.004044	 0.051519999999999996
0.00698089599609375	1320	0.004044	 0.051519999999999996
0.007979631423950195	1320	0.004044	 0.051519999999999996
0.004987239837646484	1320	0.004044	 0.051519999999999996
0.004987239837646484	 0.004044	 0.051519999999999996
0.010956287384033203	 0.014915999999999999	 0.064264
0.007379484176635742	 0.005333899999999999	 0.0529675
1320