0.16096949577331543	11.0	0.004666	 0.658818
0.1600804328918457	11.0	0.0027199999999999998	 0.6569999999999999
0.17294692993164062	11.0	0.0030429999999999997	 0.657195
0.19405317306518555	11.0	0.0027199999999999998	 0.6569999999999999
0.0999138355255127	11.0	0.0031049999999999997	 0.657257
0.15404510498046875	11.0	0.0027199999999999998	 0.6569999999999999
0.10697412490844727	11.0	0.0067469999999999995	 0.660899
0.0679924488067627	11.0	0.003182	 0.657334
0.07033228874206543	11.0	0.002672	 0.6568879999999999
0.09274983406066895	11.0	0.0059949999999999995	 0.6568879999999999
0.0679924488067627	 0.002672	 0.6568879999999999
0.19405317306518555	 0.0067469999999999995	 0.660899
0.1280057668685913	 0.003757	 0.6576278999999999
11.0