0.04490160942077637	45.0	0.0036639999999999997	 0.65788
0.04087352752685547	45.0	0.005102	 0.661835
0.03889751434326172	45.0	0.004552	 0.658832
0.037897586822509766	45.0	0.0028	 0.6570159999999999
0.03989267349243164	45.0	0.003134	 0.6560619999999999
0.0488736629486084	45.0	0.002672	 0.6568879999999999
0.038895606994628906	45.0	0.002672	 0.6568879999999999
0.041887760162353516	45.0	0.002672	 0.6568879999999999
0.03902626037597656	45.0	0.002672	 0.6568879999999999
0.040914058685302734	45.0	0.002672	 0.6568879999999999
0.037897586822509766	 0.002672	 0.6560619999999999
0.0488736629486084	 0.005102	 0.661835
0.04120602607727051	 0.0032612	 0.6576065
45.0