0.0409085750579834	1683.0	0.0036639999999999997	 0.65788
0.040910959243774414	1683.0	0.0032459999999999998	 0.657462
0.037906646728515625	1683.0	0.002672	 0.6568879999999999
0.04245710372924805	1683.0	0.002672	 0.6568879999999999
0.03891944885253906	1683.0	0.002672	 0.6568879999999999
0.0428922176361084	1683.0	0.002672	 0.6568879999999999
0.041887521743774414	1683.0	0.007749	 0.6619649999999999
0.04185891151428223	1683.0	0.006150999999999999	 0.659647
0.0388946533203125	1683.0	0.0028959999999999997	 0.6571119999999999
0.040894508361816406	1683.0	0.002848	 0.657064
0.037906646728515625	 0.002672	 0.6568879999999999
0.0428922176361084	 0.007749	 0.6619649999999999
0.04075305461883545	 0.0037241999999999996	 0.6578681999999999
1683.0