0.0059850215911865234	340	0.015083999999999998	 0.064432
0.005987882614135742	340	0.008796	 0.056223999999999996
0.005978584289550781	340	0.007199	 0.054379
0.0039899349212646484	340	0.004044	 0.051519999999999996
0.004986286163330078	340	0.004044	 0.051519999999999996
0.00498652458190918	340	0.004044	 0.051519999999999996
0.00498652458190918	340	0.004044	 0.051519999999999996
0.004987239837646484	340	0.004044	 0.051519999999999996
0.004987478256225586	340	0.004044	 0.051519999999999996
0.0059833526611328125	340	0.004044	 0.051519999999999996
0.0039899349212646484	 0.004044	 0.051519999999999996
0.005987882614135742	 0.015083999999999998	 0.064432
0.005285882949829101	 0.0059387	 0.053567500000000004
340