0.1396491527557373	690	0.007612	 1.039664
0.1396036148071289	690	0.004974	 1.038384
0.13862895965576172	690	0.004203999999999999	 1.0344
0.13862919807434082	690	0.004974	 1.038398
0.14165401458740234	690	0.004618	 1.034686
0.14059162139892578	690	0.005036	 1.0383799999999999
0.1366569995880127	690	0.004203999999999999	 1.0344
0.13364958763122559	690	0.004974	 1.038418
0.14159059524536133	690	0.004618	 1.034686
0.13663482666015625	690	0.004974	 1.0383799999999999
0.13364958763122559	 0.004203999999999999	 1.0344
0.14165401458740234	 0.007612	 1.039664
0.13872885704040527	 0.0050187999999999995	 1.0369796
690