0.007979393005371094	414	0.0075	 0.133628
0.007979869842529297	414	0.004044	 0.128252
0.02692723274230957	414	0.004044	 0.128252
0.008975505828857422	414	0.004044	 0.128252
0.00698089599609375	414	0.004044	 0.128252
0.007978677749633789	414	0.004044	 0.128252
0.00698089599609375	414	0.004044	 0.128252
0.0069811344146728516	414	0.004044	 0.128252
0.007978200912475586	414	0.004044	 0.128252
0.007980823516845703	414	0.01282	 0.139602
0.00698089599609375	 0.004044	 0.128252
0.02692723274230957	 0.01282	 0.139602
0.009674263000488282	 0.005267199999999999	 0.1299246
414