7.70863151550293	5815	0.000574	 0.048651
5.689890146255493	4043	0.0006839999999999999	 0.049255
6.288411617279053	2941	0.0006839999999999999	 0.049228
5.332656383514404	4461	0.000574	 0.048693
5.254106044769287	4675	0.000677	 0.049229999999999996
5.139101028442383	3314	0.0006839999999999999	 0.049309
5.110785722732544	2881	0.000732	 0.049283
6.229486703872681	3820	0.000623	 0.049201999999999996
5.817013263702393	2932	0.0006259999999999999	 0.048562999999999995
5.653968811035156	3805	0.000794	 0.049335
5.110785722732544	 0.000574	 0.048562999999999995
7.70863151550293	 0.000794	 0.049335
5.822405123710633	 0.0006652	 0.0490749
5815