0.002992391586303711	0	0.0	 0.0017599999999999998
0.0029916763305664062	0	0.0	 0.0017599999999999998
0.002991914749145508	0	0.0	 0.0017599999999999998
0.0019948482513427734	0	0.0	 0.0017599999999999998
0.0029926300048828125	0	0.0	 0.0017599999999999998
0.002991199493408203	0	0.0	 0.0017599999999999998
0.0029921531677246094	0	0.0	 0.0017599999999999998
0.002991914749145508	0	0.0	 0.0017599999999999998
0.0029921531677246094	0	0.0	 0.0017599999999999998
0.002991914749145508	0	0.0	 0.0017599999999999998
0.0019948482513427734	 0.0	 0.0017599999999999998
0.0029926300048828125	 0.0	 0.0017599999999999998
0.002892279624938965	 0.0	 0.0017599999999999998
0