0.0019936561584472656	0	0.0	 0.0017599999999999998
0.002991914749145508	0	0.0	 0.0017599999999999998
0.0029921531677246094	0	0.0	 0.0017599999999999998
0.002992868423461914	0	0.0	 0.0017599999999999998
0.004019975662231445	348	2.8e-05	 0.0017879999999999999
0.0029909610748291016	0	0.0	 0.0017599999999999998
0.001995086669921875	0	0.0	 0.0017599999999999998
0.002991914749145508	0	0.0	 0.0017599999999999998
0.0029916763305664062	343	2.8e-05	 0.0017879999999999999
0.002994060516357422	0	0.0	 0.0017599999999999998
0.0019936561584472656	 0.0	 0.0017599999999999998
0.004019975662231445	 2.8e-05	 0.0017879999999999999
0.0028954267501831053	 5.6e-06	 0.0017655999999999998
0