0.004006147384643555	0	0.0	 0.0017599999999999998
0.002984285354614258	0	0.0	 0.0017599999999999998
0.0039670467376708984	0	0.0	 0.0017599999999999998
0.0029921531677246094	0	0.0	 0.0017599999999999998
0.003988742828369141	0	0.0	 0.0017599999999999998
0.004019021987915039	0	0.0	 0.0017599999999999998
0.0029914379119873047	0	0.0	 0.0017599999999999998
0.002992391586303711	0	0.0	 0.0017599999999999998
0.003960609436035156	0	0.0	 0.0017599999999999998
0.0030221939086914062	0	0.0	 0.0017599999999999998
0.002984285354614258	 0.0	 0.0017599999999999998
0.004019021987915039	 0.0	 0.0017599999999999998
0.003492403030395508	 0.0	 0.0017599999999999998
0