0.0029892921447753906	54538.049	0.002424	 0.07574
0.002992391586303711	54538.049	0.002424	 0.075788
0.0019948482513427734	54538.049	0.002424	 0.075788
0.0029916763305664062	54538.049	0.002424	 0.075788
0.0019958019256591797	54538.049	0.002424	 0.075788
0.00299072265625	54538.049	0.002424	 0.075788
0.0019958019256591797	54538.049	0.002424	 0.075788
0.003987789154052734	54538.049	0.002424	 0.075788
0.0019943714141845703	54538.049	0.002424	 0.075788
0.003991365432739258	54538.049	0.002424	 0.075788
0.0019943714141845703	 0.002424	 0.07574
0.003991365432739258	 0.002424	 0.075788
0.0027924060821533205	 0.0024239999999999995	 0.07578319999999998
54538.049