0.000997781753540039	3516.322	7.2e-05	 0.002208
0.0	3516.322	0.00011999999999999999	 0.0022559999999999998
0.0	3516.322	0.00011999999999999999	 0.0022559999999999998
0.0	3516.322	0.00011999999999999999	 0.0022559999999999998
0.0010192394256591797	3516.322	0.00011999999999999999	 0.0022559999999999998
0.0	3516.322	0.00011999999999999999	 0.0022559999999999998
0.0	3516.322	0.00011999999999999999	 0.0022559999999999998
0.0	3516.322	0.00011999999999999999	 0.0022559999999999998
0.0009961128234863281	3516.322	0.00011999999999999999	 0.0022559999999999998
0.0	3516.322	0.00011999999999999999	 0.0022559999999999998
0.0	 7.2e-05	 0.002208
0.0010192394256591797	 0.00011999999999999999	 0.0022559999999999998
0.0003013134002685547	 0.00011519999999999998	 0.0022512
3516.322