0.0	212.892	7.2e-05	 0.002208
0.0	212.892	0.00011999999999999999	 0.0022559999999999998
0.0009982585906982422	212.892	0.00011999999999999999	 0.0022559999999999998
0.0	212.892	0.00011999999999999999	 0.0022559999999999998
0.0	212.892	0.00011999999999999999	 0.0022559999999999998
0.0009992122650146484	212.892	0.00011999999999999999	 0.0022559999999999998
0.0	212.892	0.00011999999999999999	 0.0022559999999999998
0.0	212.892	0.00011999999999999999	 0.0022559999999999998
0.0	212.892	0.00011999999999999999	 0.0022559999999999998
0.0009942054748535156	212.892	0.00011999999999999999	 0.0022559999999999998
0.0	 7.2e-05	 0.002208
0.0009992122650146484	 0.00011999999999999999	 0.0022559999999999998
0.0002991676330566406	 0.00011519999999999998	 0.0022512
212.892