0.0009698867797851562	17.0	7.2e-05	 0.002208
0.0	17.0	0.00011999999999999999	 0.0022559999999999998
0.0	17.0	0.00011999999999999999	 0.0022559999999999998
0.0	17.0	0.00011999999999999999	 0.0022559999999999998
0.0	17.0	0.00011999999999999999	 0.0022559999999999998
0.0	17.0	0.00011999999999999999	 0.0022559999999999998
0.0	17.0	0.00011999999999999999	 0.0022559999999999998
0.000995635986328125	17.0	0.00011999999999999999	 0.0022559999999999998
0.0	17.0	0.00011999999999999999	 0.0022559999999999998
0.0	17.0	0.00011999999999999999	 0.0022559999999999998
0.0	 7.2e-05	 0.002208
0.000995635986328125	 0.00011999999999999999	 0.0022559999999999998
0.00019655227661132812	 0.00011519999999999998	 0.0022512
17.0