0.004010200500488281	515.0	0.004144	 0.052992
0.0049877166748046875	515.0	0.0027199999999999998	 0.051567999999999996
0.002991199493408203	515.0	0.002672	 0.051519999999999996
0.003969430923461914	515.0	0.002672	 0.051519999999999996
0.0040624141693115234	515.0	0.002672	 0.051519999999999996
0.003926753997802734	515.0	0.003134	 0.052045999999999995
0.0029914379119873047	515.0	0.002672	 0.051519999999999996
0.003991603851318359	515.0	0.002672	 0.051519999999999996
0.0050182342529296875	515.0	0.002672	 0.051519999999999996
0.0029811859130859375	515.0	0.002672	 0.051519999999999996
0.0029811859130859375	 0.002672	 0.051519999999999996
0.0050182342529296875	 0.004144	 0.052992
0.0038930177688598633	 0.0028702000000000007	 0.051724599999999996
515.0