0.0040204524993896484	100.0	0.0031839999999999998	 0.052031999999999995
0.0029594898223876953	100.0	0.002672	 0.051519999999999996
0.0029916763305664062	100.0	0.002672	 0.051519999999999996
0.004987955093383789	100.0	0.002672	 0.051519999999999996
0.0040166378021240234	100.0	0.002672	 0.051519999999999996
0.0059549808502197266	100.0	0.002672	 0.051519999999999996
0.004005908966064453	100.0	0.002672	 0.051519999999999996
0.003973484039306641	100.0	0.002672	 0.051519999999999996
0.0040171146392822266	100.0	0.002672	 0.051519999999999996
0.0029916763305664062	100.0	0.002672	 0.051519999999999996
0.0029594898223876953	 0.002672	 0.051519999999999996
0.0059549808502197266	 0.0031839999999999998	 0.052031999999999995
0.003991937637329102	 0.0027232000000000007	 0.051571200000000005
100.0