0.004987478256225586	26.0	0.004144	 0.052992
0.003988742828369141	26.0	0.002672	 0.051519999999999996
0.003988981246948242	26.0	0.002672	 0.051519999999999996
0.0039899349212646484	26.0	0.002672	 0.051519999999999996
0.008981704711914062	26.0	0.002672	 0.051519999999999996
0.003983736038208008	26.0	0.002672	 0.051519999999999996
0.009974002838134766	26.0	0.002672	 0.051519999999999996
0.0049855709075927734	26.0	0.002672	 0.051519999999999996
0.00299072265625	26.0	0.002672	 0.051519999999999996
0.004990577697753906	26.0	0.002672	 0.051519999999999996
0.00299072265625	 0.002672	 0.051519999999999996
0.009974002838134766	 0.004144	 0.052992
0.0052861452102661135	 0.0028192000000000004	 0.0516672
26.0