0.0019931793212890625	2361.0	0.002424	 0.07574
0.000997304916381836	2361.0	0.002424	 0.075788
0.000997304916381836	2361.0	0.002424	 0.075788
0.003000020980834961	2361.0	0.002424	 0.075788
0.002985239028930664	2361.0	0.002424	 0.075788
0.0009963512420654297	2361.0	0.002424	 0.075788
0.001994609832763672	2361.0	0.002424	 0.075788
0.001995086669921875	2361.0	0.002424	 0.075788
0.0020008087158203125	2361.0	0.002424	 0.075788
0.0019893646240234375	2361.0	0.002424	 0.075788
0.0009963512420654297	 0.002424	 0.07574
0.003000020980834961	 0.002424	 0.075788
0.0018949270248413085	 0.0024239999999999995	 0.07578319999999998
2361.0