0.0029921531677246094	28874.2	0.002424	 0.07574
0.0019943714141845703	28874.2	0.002424	 0.075788
0.0019941329956054688	28874.2	0.002424	 0.075788
0.0009975433349609375	28874.2	0.002424	 0.075788
0.0019948482513427734	28874.2	0.002424	 0.075788
0.001994609832763672	28874.2	0.002424	 0.075788
0.0019943714141845703	28874.2	0.002424	 0.075788
0.0019948482513427734	28874.2	0.002424	 0.075788
0.002024412155151367	28874.2	0.002424	 0.075788
0.0019652843475341797	28874.2	0.002424	 0.075788
0.0009975433349609375	 0.002424	 0.07574
0.0029921531677246094	 0.002424	 0.075788
0.0019946575164794924	 0.0024239999999999995	 0.07578319999999998
28874.2