0.0019943714141845703	98.0	0.002424	 0.075692
0.0009968280792236328	98.0	0.002424	 0.07574
0.000997304916381836	98.0	0.002424	 0.07574
0.0019941329956054688	98.0	0.002424	 0.07574
0.0019953250885009766	98.0	0.002424	 0.07574
0.0019943714141845703	98.0	0.002424	 0.07574
0.0009980201721191406	98.0	0.002424	 0.07574
0.001993894577026367	98.0	0.002424	 0.07574
0.0019948482513427734	98.0	0.002424	 0.07574
0.0019941329956054688	98.0	0.002424	 0.07574
0.0009968280792236328	 0.002424	 0.075692
0.0019953250885009766	 0.002424	 0.07574
0.0016953229904174804	 0.0024239999999999995	 0.07573520000000002
98.0