0.14364409446716309	0	0.0008719999999999999	 0.021008
0.13860034942626953	0	0.003639	 0.024000999999999998
0.14960098266601562	0	0.001389	 0.021557
0.15059685707092285	0	0.0007599999999999999	 0.020912
0.25984907150268555	0	0.001696	 0.023667
0.20990705490112305	0	0.000816	 0.020824
0.22339987754821777	0	0.001696	 0.023254
0.40796637535095215	0	0.001696	 0.023209
0.36811065673828125	0	0.0017519999999999999	 0.021456
0.416212797164917	0	0.00164	 0.022192
0.13860034942626953	 0.0007599999999999999	 0.020824
0.416212797164917	 0.003639	 0.024000999999999998
0.2467888116836548	 0.0015955999999999998	 0.022208
0