0.007980108261108398	20.0	0.003784	 0.052511999999999996
0.003986358642578125	20.0	0.002768	 0.051519999999999996
0.004985809326171875	20.0	0.002768	 0.051519999999999996
0.006026506423950195	20.0	0.002768	 0.051519999999999996
0.0039784908294677734	20.0	0.002768	 0.051519999999999996
0.012016057968139648	20.0	0.002768	 0.051519999999999996
0.005982398986816406	20.0	0.002768	 0.051519999999999996
0.0039899349212646484	20.0	0.002768	 0.051519999999999996
0.009055852890014648	20.0	0.012466	 0.061124
0.003991842269897461	20.0	0.003792	 0.052607999999999995
0.0039784908294677734	 0.002768	 0.051519999999999996
0.012016057968139648	 0.012466	 0.061124
0.006199336051940918	 0.0039418	 0.0526884
20.0