0.0049839019775390625	4027.0	0.0041919999999999995	 0.052992
0.0029916763305664062	4027.0	0.002816	 0.051567999999999996
0.003989696502685547	4027.0	0.002768	 0.051519999999999996
0.003989219665527344	4027.0	0.002768	 0.051519999999999996
0.006985902786254883	4027.0	0.003342	 0.052045999999999995
0.00398564338684082	4027.0	0.002768	 0.051519999999999996
0.0029904842376708984	4027.0	0.002768	 0.051519999999999996
0.003989219665527344	4027.0	0.002768	 0.051519999999999996
0.003988981246948242	4027.0	0.002768	 0.051519999999999996
0.0039899349212646484	4027.0	0.002768	 0.051519999999999996
0.0029904842376708984	 0.002768	 0.051519999999999996
0.006985902786254883	 0.0041919999999999995	 0.052992
0.00418846607208252	 0.0029725999999999997	 0.051724599999999996
4027.0