0.051859378814697266	5	0.0065439999999999995	 0.65836
0.05086326599121094	5	0.005072	 0.6568879999999999
0.048870086669921875	5	0.012334999999999999	 0.6568879999999999
0.05285811424255371	5	0.005725999999999999	 0.65731
0.04986572265625	5	0.005072	 0.6568879999999999
0.047872066497802734	5	0.005072	 0.6568879999999999
0.047882795333862305	5	0.005072	 0.6568879999999999
0.053845882415771484	5	0.009788999999999999	 0.6568879999999999
0.04488372802734375	5	0.0070469999999999994	 0.658863
0.05983781814575195	5	0.005582	 0.65611
0.04488372802734375	 0.005072	 0.65611
0.05983781814575195	 0.012334999999999999	 0.658863
0.0508638858795166	 0.006731099999999999	 0.6571971
5