0.06833338737487793	128	0.007384	 0.65836
0.06433725357055664	128	0.005072	 0.6568879999999999
0.06384396553039551	128	0.008634	 0.6568879999999999
0.06586766242980957	128	0.006461	 0.658616
0.06482434272766113	128	0.005072	 0.6568879999999999
0.0628669261932373	128	0.005072	 0.6568879999999999
0.06779098510742188	128	0.005072	 0.6568879999999999
0.09676766395568848	128	0.005752	 0.657504
0.060836076736450195	128	0.0051199999999999996	 0.6569999999999999
0.06234574317932129	128	0.005072	 0.6568879999999999
0.060836076736450195	 0.005072	 0.6568879999999999
0.09676766395568848	 0.008634	 0.658616
0.06778140068054199	 0.0058711	 0.6572808
128