0.058836936950683594	26	0.0065439999999999995	 0.65836
0.04340410232543945	26	0.005072	 0.6568879999999999
0.04497647285461426	26	0.005072	 0.6568879999999999
0.04339742660522461	26	0.005072	 0.6568879999999999
0.050862789154052734	26	0.009642	 0.660485
0.056891679763793945	26	0.005693999999999999	 0.657446
0.046903371810913086	26	0.005072	 0.6568879999999999
0.04840803146362305	26	0.005072	 0.6568879999999999
0.04687786102294922	26	0.005072	 0.6568879999999999
0.04890131950378418	26	0.007438999999999999	 0.661651
0.04339742660522461	 0.005072	 0.6568879999999999
0.058836936950683594	 0.009642	 0.661651
0.04894599914550781	 0.0059751	 0.657927
26