0.03989219665527344	9209.0	0.002704	 0.65692
0.04188799858093262	9209.0	0.007697	 0.661913
0.06083822250366211	9209.0	0.003725	 0.656845
0.043880462646484375	9209.0	0.002672	 0.6568879999999999
0.04288458824157715	9209.0	0.002672	 0.6568879999999999
0.04088997840881348	9209.0	0.002672	 0.6568879999999999
0.04188823699951172	9209.0	0.007398999999999999	 0.661615
0.03989362716674805	9209.0	0.004647	 0.658863
0.07978630065917969	9209.0	0.002933	 0.656117
0.05336809158325195	9209.0	0.002672	 0.6568879999999999
0.03989219665527344	 0.002672	 0.656117
0.07978630065917969	 0.007697	 0.661913
0.04852097034454346	 0.0039793	 0.6579824999999999
9209.0