0.0229642391204834	33	0.002544	 0.100616
0.021943330764770508	33	0.001392	 0.0998
0.02592945098876953	33	4.8e-05	 0.0998
0.03191518783569336	33	4.8e-05	 0.0998
0.026934385299682617	33	4.8e-05	 0.0998
0.023928165435791016	33	0.000112	 0.099864
0.025931358337402344	33	0.000112	 0.099864
0.024932384490966797	33	0.000112	 0.099864
0.025931119918823242	33	0.004127	 0.10511
0.024932861328125	33	0.000112	 0.099864
0.021943330764770508	 4.8e-05	 0.0998
0.03191518783569336	 0.004127	 0.10511
0.02553424835205078	 0.0008655000000000002	 0.10043819999999999
33