0.0019943714141845703	36	0.003544	 0.014263999999999999
0.000997781753540039	36	0.001792	 0.012511999999999999
0.0019943714141845703	36	0.00028	 0.012511999999999999
0.0009968280792236328	36	0.000112	 0.012511999999999999
0.0019979476928710938	36	0.000112	 0.012511999999999999
0.002994537353515625	36	0.000112	 0.012511999999999999
0.003996849060058594	36	0.000112	 0.012511999999999999
0.001985311508178711	36	0.000112	 0.012511999999999999
0.0029897689819335938	36	4.8e-05	 0.012447999999999999
0.001992940902709961	36	4.8e-05	 0.012447999999999999
0.0009968280792236328	 4.8e-05	 0.012447999999999999
0.003996849060058594	 0.003544	 0.014263999999999999
0.002194070816040039	 0.0006272000000000001	 0.012674399999999997
36