0.0009961128234863281	42	0.001584	 0.006808
0.0009982585906982422	42	4.8e-05	 0.005272
0.000997781753540039	42	4.8e-05	 0.005272
0.003991842269897461	42	4.8e-05	 0.005272
0.001993894577026367	42	4.8e-05	 0.005272
0.0019941329956054688	42	4.8e-05	 0.005272
0.0009949207305908203	42	4.8e-05	 0.005272
0.0009975433349609375	42	4.8e-05	 0.005272
0.0009963512420654297	42	4.8e-05	 0.005272
0.0	42	4.8e-05	 0.005272
0.0	 4.8e-05	 0.005272
0.003991842269897461	 0.001584	 0.006808
0.0013960838317871095	 0.00020160000000000005	 0.005425599999999999
42