0.0009953975677490234	10	0.001584	 0.006808
0.0	10	4.8e-05	 0.005272
0.0009970664978027344	10	4.8e-05	 0.005272
0.0009984970092773438	10	4.8e-05	 0.005272
0.0	10	4.8e-05	 0.005272
0.0010006427764892578	10	4.8e-05	 0.005272
0.0019996166229248047	10	4.8e-05	 0.005272
0.0009913444519042969	10	4.8e-05	 0.005272
0.0009927749633789062	10	4.8e-05	 0.005272
0.0	10	4.8e-05	 0.005272
0.0	 4.8e-05	 0.005272
0.0019996166229248047	 0.001584	 0.006808
0.0007975339889526367	 0.00020160000000000005	 0.005425599999999999
10