0.0009965896606445312	415	0.001612	 0.006808
0.0009968280792236328	415	7.599999999999999e-05	 0.005272
0.0009984970092773438	415	7.599999999999999e-05	 0.005272
0.001005411148071289	415	7.599999999999999e-05	 0.005272
0.0009877681732177734	415	7.599999999999999e-05	 0.005272
0.0009970664978027344	415	7.599999999999999e-05	 0.005272
0.000997781753540039	415	7.599999999999999e-05	 0.005272
0.0009975433349609375	415	7.599999999999999e-05	 0.005272
0.0009996891021728516	415	7.599999999999999e-05	 0.005272
0.0009944438934326172	415	7.599999999999999e-05	 0.005272
0.0009877681732177734	 7.599999999999999e-05	 0.005272
0.001005411148071289	 0.001612	 0.006808
0.000997161865234375	 0.0002296	 0.005425599999999999
415