0.005021572113037109	324	2.8e-05	 0.0017679999999999998
0.004981517791748047	1104	2.8e-05	 0.0018239999999999999
0.004016399383544922	728	2.8e-05	 0.0018239999999999999
0.03505206108093262	494	2.8e-05	 0.0017679999999999998
0.005987644195556641	992	2.8e-05	 0.0017679999999999998
0.006991147994995117	208	0.0	 0.00174
0.004988193511962891	359	2.8e-05	 0.0017679999999999998
0.009104490280151367	1054	2.8e-05	 0.0018239999999999999
0.003989696502685547	491	2.8e-05	 0.0017679999999999998
0.007978677749633789	565	2.8e-05	 0.0017679999999999998
0.003989696502685547	 0.0	 0.00174
0.03505206108093262	 2.8e-05	 0.0018239999999999999
0.008811140060424804	 2.52e-05	 0.001782
324