0.17606663703918457	1363	2.8e-05	 0.008468
0.1760392189025879	1772	0.000682	 0.012352
0.17550134658813477	3244	0.00049	 0.009119
0.17256689071655273	1636	0.0006839999999999999	 0.012263999999999999
0.17549872398376465	2043	0.00049	 0.009119
0.18653130531311035	3265	0.0006839999999999999	 0.012315999999999999
0.17923736572265625	3374	0.00049	 0.009119
0.18752670288085938	1741	0.0006219999999999999	 0.012468
0.1791856288909912	2675	0.00049	 0.009119
0.1810910701751709	2040	0.0005639999999999999	 0.012317999999999999
0.17256689071655273	 2.8e-05	 0.008468
0.18752670288085938	 0.0006839999999999999	 0.012468
0.17892448902130126	 0.0005224	 0.010666199999999999
1363