0.012965202331542969	479	2.8e-05	 0.0034159999999999998
0.016954898834228516	958	2.8e-05	 0.003368
0.0139617919921875	428	2.8e-05	 0.003368
0.012966394424438477	516	2.8e-05	 0.003424
0.011967182159423828	1003	2.8e-05	 0.003424
0.014960765838623047	2424	2.8e-05	 0.003424
0.01296544075012207	81	0.0	 0.0033399999999999997
0.01595616340637207	723	2.8e-05	 0.003368
0.012965917587280273	840	2.8e-05	 0.003424
0.012968063354492188	893	2.8e-05	 0.003368
0.011967182159423828	 0.0	 0.0033399999999999997
0.016954898834228516	 2.8e-05	 0.003424
0.013863182067871094	 2.52e-05	 0.0033924000000000003
479