0.0	197.0	0.0019199999999999998	 0.007096
0.0	197.0	0.00047999999999999996	 0.005656
0.0010204315185546875	197.0	0.00047999999999999996	 0.005656
0.0	197.0	0.00047999999999999996	 0.005656
0.0	197.0	0.00047999999999999996	 0.005656
0.0010068416595458984	197.0	0.00047999999999999996	 0.005656
0.0	197.0	0.00047999999999999996	 0.005656
0.0	197.0	0.00047999999999999996	 0.005656
0.0009937286376953125	197.0	0.00047999999999999996	 0.005656
0.0	197.0	0.00047999999999999996	 0.005656
0.0	 0.00047999999999999996	 0.005656
0.0010204315185546875	 0.0019199999999999998	 0.007096
0.0003021001815795898	 0.0006239999999999998	 0.005800000000000001
197.0