0.0	17.0	0.00047999999999999996	 0.005656
0.0009970664978027344	17.0	0.00047999999999999996	 0.005656
0.0	17.0	0.00047999999999999996	 0.005656
0.000997304916381836	17.0	0.0005409999999999999	 0.005717
0.0	17.0	0.00047999999999999996	 0.005656
0.0010030269622802734	17.0	0.00047999999999999996	 0.005656
0.0009975433349609375	17.0	0.00047999999999999996	 0.005656
0.001007080078125	17.0	0.00047999999999999996	 0.005656
0.000982046127319336	17.0	0.00047999999999999996	 0.005656
0.0009968280792236328	17.0	0.00047999999999999996	 0.005656
0.0	 0.00047999999999999996	 0.005656
0.001007080078125	 0.0005409999999999999	 0.005717
0.000698089599609375	 0.0004860999999999999	 0.005662100000000001
17.0