0.005028963088989258	20.0	0.0031839999999999998	 0.052031999999999995
0.008024215698242188	20.0	0.002672	 0.051519999999999996
0.003975868225097656	20.0	0.002672	 0.051519999999999996
0.006981611251831055	20.0	0.002672	 0.051519999999999996
0.003988742828369141	20.0	0.002672	 0.051519999999999996
0.004503726959228516	20.0	0.002672	 0.051519999999999996
0.0074920654296875	20.0	0.002672	 0.051519999999999996
0.016025781631469727	20.0	0.002672	 0.051519999999999996
0.025022029876708984	20.0	0.0027069999999999998	 0.051519999999999996
0.010544300079345703	20.0	0.002672	 0.051519999999999996
0.003975868225097656	 0.002672	 0.051519999999999996
0.025022029876708984	 0.0031839999999999998	 0.052031999999999995
0.009158730506896973	 0.0027267000000000007	 0.051571200000000005
20.0