0.003995180130004883	4027.0	0.004144	 0.052992
0.0029633045196533203	4027.0	0.002672	 0.051519999999999996
0.004011631011962891	4027.0	0.002672	 0.051519999999999996
0.002970457077026367	4027.0	0.002672	 0.051519999999999996
0.003988027572631836	4027.0	0.002672	 0.051519999999999996
0.0029931068420410156	4027.0	0.002672	 0.051519999999999996
0.005984306335449219	4027.0	0.002672	 0.051519999999999996
0.003988504409790039	4027.0	0.002672	 0.051519999999999996
0.003993034362792969	4027.0	0.002672	 0.051519999999999996
0.003985166549682617	4027.0	0.002672	 0.051519999999999996
0.0029633045196533203	 0.002672	 0.051519999999999996
0.005984306335449219	 0.004144	 0.052992
0.0038872718811035155	 0.0028192000000000004	 0.0516672
4027.0