0.23447155952453613	392	0.010468	 0.9322779999999999
0.24235320091247559	392	0.006137	 0.924379
0.25032854080200195	392	0.005036	 0.924028
0.23932671546936035	392	0.008165	 0.926098
0.2742781639099121	392	0.005352	 0.926574
0.3085033893585205	392	0.005196	 0.926012
0.2947378158569336	392	0.005134	 0.926012
0.2254319190979004	392	0.008163	 0.9260959999999999
0.2293860912322998	392	0.005201	 0.923217
0.2293851375579834	392	0.005266	 0.925356
0.2254319190979004	 0.005036	 0.923217
0.3085033893585205	 0.010468	 0.9322779999999999
0.2528202533721924	 0.0064118000000000005	 0.9260050000000002
392