0.006978273391723633	800	0.010931999999999999	 0.059944
0.006981849670410156	800	0.004615	 0.051519999999999996
0.005984306335449219	800	0.004044	 0.051519999999999996
0.005986452102661133	800	0.004044	 0.051519999999999996
0.0049855709075927734	800	0.004044	 0.051519999999999996
0.007979631423950195	800	0.004044	 0.051519999999999996
0.0069806575775146484	800	0.004044	 0.051519999999999996
0.006981849670410156	800	0.004044	 0.051519999999999996
0.006982564926147461	800	0.004044	 0.051519999999999996
0.0059833526611328125	800	0.004044	 0.051519999999999996
0.0049855709075927734	 0.004044	 0.051519999999999996
0.007979631423950195	 0.010931999999999999	 0.059944
0.006582450866699219	 0.004789899999999999	 0.052362399999999996
800