0.01795053482055664	394	0.01014	 0.12820399999999998
0.02194046974182129	394	0.004044	 0.12018799999999999
0.015468835830688477	394	0.004044	 0.12018799999999999
0.015955448150634766	394	0.004044	 0.12018799999999999
0.013962984085083008	394	0.004044	 0.12018799999999999
0.013963460922241211	394	0.004044	 0.12018799999999999
0.013962984085083008	394	0.004044	 0.12018799999999999
0.012964248657226562	394	0.011349	 0.127493
0.018459796905517578	394	0.005052	 0.121196
0.013961315155029297	394	0.003852	 0.119804
0.012964248657226562	 0.003852	 0.119804
0.02194046974182129	 0.011349	 0.12820399999999998
0.015859007835388184	 0.0054656999999999996	 0.12178249999999999
394