0.013962745666503906	8	0.004608	 0.047327999999999995
0.02992105484008789	12	0.004664	 0.049984
0.008974313735961914	12	0.005179	 0.046299
0.014958858489990234	4	0.004664	 0.049704
0.008999824523925781	4	0.004692	 0.046132
0.08175849914550781	12	0.004632	 0.049768
0.05784416198730469	9	0.004664	 0.05008
0.030917644500732422	12	0.008953	 0.053265
0.008976459503173828	12	0.004576	 0.04604
0.009974241256713867	12	0.004608	 0.046112
0.02592945098876953	12	0.005405999999999999	 0.050478999999999996
0.023936033248901367	6	0.004664	 0.049768
0.00997471809387207	12	0.004608	 0.045984
0.02393507957458496	12	0.004664	 0.049512
0.012965917587280273	12	0.004608	 0.046432
0.033911943435668945	6	0.004664	 0.049704
0.0354158878326416	6	0.004632	 0.049791999999999996
0.015953779220581055	6	0.004608	 0.045472
0.015957355499267578	12	0.004608	 0.045792
0.03390979766845703	12	0.004632	 0.049831999999999994
0.018473386764526367	8	0.010295	 0.046175999999999995
0.024937868118286133	8	0.005686999999999999	 0.047319
0.010970354080200195	8	0.004736	 0.046495999999999996
0.03590846061706543	4	0.004791999999999999	 0.04964
0.009964942932128906	12	0.004736	 0.045984
0.01595616340637207	12	0.004704	 0.045856
0.014960289001464844	8	0.00468	 0.045863999999999995
0.025945186614990234	9	0.005495	 0.050478999999999996
0.011953592300415039	12	0.004686	 0.046093999999999996
0.015961408615112305	4	0.004576	 0.046175999999999995
0.0668177604675293	9	0.004664	 0.049831999999999994
0.015956401824951172	12	0.004608	 0.046368
0.014960050582885742	4	0.0046	 0.04588
0.034906625747680664	12	0.0046879999999999995	 0.0496
0.01695537567138672	9	0.004632	 0.045752
0.07779526710510254	4	0.005424	 0.055887
0.019948244094848633	4	0.004608	 0.04604
0.03390860557556152	12	0.0046879999999999995	 0.049088
0.01595783233642578	4	0.004632	 0.045495999999999995
0.05338549613952637	12	0.0046879999999999995	 0.049432
0.06182861328125	12	0.0046879999999999995	 0.049527999999999996
0.03443741798400879	9	0.008845	 0.053946
0.016954421997070312	12	0.005686999999999999	 0.047319
0.017951488494873047	12	0.0047599999999999995	 0.0462
0.01495981216430664	8	0.0047279999999999996	 0.046328
0.046407461166381836	9	0.004816	 0.049752
0.04388546943664551	6	0.005340999999999999	 0.049997
0.02492523193359375	4	0.0046879999999999995	 0.049432
0.02892327308654785	8	0.0046879999999999995	 0.049536
0.014996528625488281	12	0.004632	 0.046264
0.008974313735961914	 0.004576	 0.045472
0.08175849914550781	 0.010295	 0.055887
0.026781415939331053	 0.00505652	 0.04818479999999997
8