8.962793588638306	1001	0.005431999999999999	 0.051544
8.658221244812012	820	0.005566	 0.053389
8.48856520652771	1001	0.0054009999999999996	 0.052645
7.84315824508667	945	0.005765999999999999	 0.052712999999999996
7.964495658874512	1001	0.005569	 0.053299
7.91854453086853	1001	0.00543	 0.052793
8.536023616790771	1338	0.00571	 0.052849
7.352202892303467	945	0.005711	 0.053168
7.848887920379639	820	0.0056489999999999995	 0.052851999999999996
8.27319049835205	1305	0.0056549999999999994	 0.053221
7.352202892303467	 0.0054009999999999996	 0.051544
8.962793588638306	 0.005765999999999999	 0.053389
8.184608340263367	 0.0055889	 0.0528473
1001