0.030916929244995117	97	0.0047599999999999995	 0.049816
0.09626412391662598	97	0.0052369999999999995	 0.050397
0.16953825950622559	97	0.007415	 0.052287
0.016955852508544922	97	0.004608	 0.04572
0.10572528839111328	97	0.004664	 0.050016
0.009963512420654297	97	0.004576	 0.045919999999999996
0.07679581642150879	97	0.004632	 0.049887999999999995
0.03790020942687988	97	0.006875999999999999	 0.053724999999999995
0.09773588180541992	97	0.0051259999999999995	 0.050477999999999995
0.08676791191101074	97	0.004632	 0.049824
0.03789877891540527	97	0.004664	 0.049311999999999995
0.02493453025817871	97	0.006797999999999999	 0.053269
0.042885780334472656	97	0.005743	 0.050775
0.10272455215454102	97	0.005261	 0.050517
0.05886411666870117	97	0.004664	 0.049951999999999996
0.03591132164001465	97	0.004664	 0.049824
0.12175512313842773	97	0.007712999999999999	 0.053412999999999995
0.04195833206176758	97	0.0051259999999999995	 0.050614
0.07141923904418945	97	0.004664	 0.050144
0.1874990463256836	97	0.005656	 0.052925
0.05884265899658203	97	0.004664	 0.04976
0.0388946533203125	97	0.004664	 0.049504
0.008975744247436523	97	0.004576	 0.046048
0.023940086364746094	97	0.004664	 0.050216
0.06582283973693848	97	0.004664	 0.04976
0.021477937698364258	97	0.004664	 0.049895999999999996
0.09930706024169922	97	0.007984999999999999	 0.054089
0.08180832862854004	97	0.005238	 0.050782
0.04488706588745117	97	0.004664	 0.04996
0.04985451698303223	97	0.004664	 0.049951999999999996
0.023910999298095703	97	0.004664	 0.04964
0.06682348251342773	97	0.006874	 0.053345
0.08377385139465332	97	0.0057079999999999995	 0.05094
0.032941341400146484	97	0.0046879999999999995	 0.049984
0.04684567451477051	97	0.0046879999999999995	 0.050103999999999996
0.030946016311645508	97	0.0046879999999999995	 0.049656
0.04684901237487793	97	0.0046879999999999995	 0.049783999999999995
0.05287814140319824	97	0.007127	 0.054134999999999996
0.03189253807067871	97	0.005822	 0.051022
0.10873627662658691	97	0.0048779999999999995	 0.050302
0.14657878875732422	97	0.007449	 0.053141
0.13567829132080078	97	0.004664	 0.049951999999999996
0.09672880172729492	97	0.007859	 0.053339
0.05384993553161621	97	0.005653	 0.050877
0.06779623031616211	97	0.0046879999999999995	 0.050103999999999996
0.1565849781036377	97	0.006584	 0.052628999999999995
0.07731318473815918	97	0.004664	 0.049824
0.02593398094177246	97	0.0046879999999999995	 0.049984
0.06931829452514648	97	0.0046879999999999995	 0.05004
0.1152031421661377	97	0.007756	 0.053347
0.008975744247436523	 0.004576	 0.04572
0.1874990463256836	 0.007984999999999999	 0.054134999999999996
0.06837616920471191	 0.00540888	 0.05061864
97