0.003988742828369141	197	0.00035999999999999997	 0.000612
0.004987478256225586	197	0.0	 0.000372
0.004984617233276367	197	0.0	 0.000372
0.008075714111328125	197	0.0	 0.000372
0.0059833526611328125	197	0.0	 0.000372
0.0029969215393066406	197	0.0	 0.000372
0.0049860477447509766	197	0.0	 0.000372
0.007980108261108398	197	0.0	 0.000372
0.00399017333984375	197	0.0	 0.000372
0.006979465484619141	197	0.0	 0.000372
0.0029969215393066406	 0.0	 0.000372
0.008075714111328125	 0.00035999999999999997	 0.000612
0.005495262145996094	 3.5999999999999994e-05	 0.000396
197