0.002992391586303711	17	0.00035999999999999997	 0.000572
0.002991199493408203	17	0.0	 0.000316
0.0029921531677246094	17	0.0	 0.000316
0.0039899349212646484	17	0.0	 0.000316
0.004014253616333008	17	0.0	 0.000316
0.002990245819091797	17	0.0	 0.000316
0.0029697418212890625	17	0.0	 0.000316
0.002990245819091797	17	0.0	 0.000316
0.0039899349212646484	17	0.0	 0.000316
0.0029931068420410156	17	0.0	 0.000316
0.0029697418212890625	 0.0	 0.000316
0.004014253616333008	 0.00035999999999999997	 0.000572
0.00329132080078125	 3.5999999999999994e-05	 0.00034159999999999995
17