0.00698089599609375	3715	0.00035999999999999997	 0.0006399999999999999
0.005987405776977539	3715	0.0	 0.00039999999999999996
0.00697779655456543	3715	0.0	 0.00039999999999999996
0.005984067916870117	3715	0.0	 0.00039999999999999996
0.005984067916870117	3715	0.0	 0.00039999999999999996
0.006978034973144531	3715	0.0	 0.00039999999999999996
0.005980491638183594	3715	0.0	 0.00039999999999999996
0.006960630416870117	3715	0.0	 0.00039999999999999996
0.006005764007568359	3715	0.0	 0.00039999999999999996
0.0059893131256103516	3715	0.0	 0.00039999999999999996
0.005980491638183594	 0.0	 0.00039999999999999996
0.00698089599609375	 0.00035999999999999997	 0.0006399999999999999
0.00638284683227539	 3.5999999999999994e-05	 0.00042400000000000006
3715