0.006006002426147461	3459	0.0063159999999999996	 0.052992
0.005960941314697266	3459	0.004843999999999999	 0.051519999999999996
0.006006479263305664	3459	0.004843999999999999	 0.051519999999999996
0.005984067916870117	3459	0.004843999999999999	 0.051519999999999996
0.005962371826171875	3459	0.004843999999999999	 0.051519999999999996
0.006006002426147461	3459	0.004843999999999999	 0.051519999999999996
0.005983591079711914	3459	0.004843999999999999	 0.051519999999999996
0.00498652458190918	3459	0.004843999999999999	 0.051519999999999996
0.005984067916870117	3459	0.004843999999999999	 0.051519999999999996
0.004986763000488281	3459	0.004843999999999999	 0.051519999999999996
0.00498652458190918	 0.004843999999999999	 0.051519999999999996
0.006006479263305664	 0.0063159999999999996	 0.052992
0.005786681175231933	 0.0049912	 0.0516672
3459