0.005015850067138672	17	0.004848	 0.051552
0.005984783172607422	17	0.004816	 0.051519999999999996
0.00498509407043457	17	0.004816	 0.051519999999999996
0.00498652458190918	17	0.004816	 0.051519999999999996
0.0049664974212646484	17	0.004816	 0.051519999999999996
0.006005525588989258	17	0.004816	 0.051519999999999996
0.004991054534912109	17	0.004816	 0.051519999999999996
0.00497889518737793	17	0.004816	 0.051519999999999996
0.0049898624420166016	17	0.004816	 0.051519999999999996
0.004956483840942383	17	0.004816	 0.051519999999999996
0.004956483840942383	 0.004816	 0.051519999999999996
0.006005525588989258	 0.004848	 0.051552
0.005186057090759278	 0.004819200000000001	 0.051523200000000005
17