0.004986286163330078	194	0.006264	 0.052992
0.003989219665527344	194	0.004791999999999999	 0.051519999999999996
0.00498652458190918	194	0.004791999999999999	 0.051519999999999996
0.0039899349212646484	194	0.004791999999999999	 0.051519999999999996
0.00498652458190918	194	0.004791999999999999	 0.051519999999999996
0.00498652458190918	194	0.004791999999999999	 0.051519999999999996
0.003989458084106445	194	0.004791999999999999	 0.051519999999999996
0.006981372833251953	194	0.004791999999999999	 0.051519999999999996
0.005984067916870117	194	0.004791999999999999	 0.051519999999999996
0.004986286163330078	194	0.004791999999999999	 0.051519999999999996
0.003989219665527344	 0.004791999999999999	 0.051519999999999996
0.006981372833251953	 0.006264	 0.052992
0.004986619949340821	 0.004939199999999999	 0.0516672
194