0.00398707389831543	24.333333333333336	0.002728	 0.051552
0.008009672164916992	24.333333333333336	0.002768	 0.051519999999999996
0.00498652458190918	24.333333333333336	0.002768	 0.051519999999999996
0.008977413177490234	24.333333333333336	0.002768	 0.051519999999999996
0.006011486053466797	24.333333333333336	0.002768	 0.051519999999999996
0.003987789154052734	24.333333333333336	0.002768	 0.051519999999999996
0.00797724723815918	24.333333333333336	0.002768	 0.051519999999999996
0.004492521286010742	24.333333333333336	0.002768	 0.051519999999999996
0.0034978389739990234	24.333333333333336	0.002838	 0.051519999999999996
0.009490489959716797	24.333333333333336	0.002768	 0.051519999999999996
0.0034978389739990234	 0.002728	 0.051519999999999996
0.009490489959716797	 0.002838	 0.051552
0.006141805648803711	 0.002771	 0.051523200000000005
24.333333333333336