0.003988504409790039	815.2095548317047	0.004168	 0.052992
0.0029916763305664062	815.2095548317047	0.002768	 0.051519999999999996
0.005986452102661133	815.2095548317047	0.002768	 0.051519999999999996
0.003989219665527344	815.2095548317047	0.002768	 0.051519999999999996
0.003987550735473633	815.2095548317047	0.002768	 0.051519999999999996
0.003992557525634766	815.2095548317047	0.002768	 0.051519999999999996
0.005980968475341797	815.2095548317047	0.002768	 0.051519999999999996
0.002992391586303711	815.2095548317047	0.002768	 0.051519999999999996
0.003988742828369141	815.2095548317047	0.002768	 0.051519999999999996
0.002991914749145508	815.2095548317047	0.002768	 0.051519999999999996
0.0029916763305664062	 0.002768	 0.051519999999999996
0.005986452102661133	 0.004168	 0.052992
0.004088997840881348	 0.002908	 0.0516672
815.2095548317047