0.1688375473022461	19600	0.013084	 0.664712
0.1581113338470459	19600	0.007685999999999999	 0.66075
0.23743748664855957	19600	0.009989	 0.6569999999999999
0.19347643852233887	19600	0.008176	 0.657652
0.19347000122070312	19600	0.007724999999999999	 0.6568879999999999
0.17852306365966797	19600	0.007228	 0.6569999999999999
0.22240352630615234	19600	0.007852999999999999	 0.6608339999999999
0.2483360767364502	19600	0.007884	 0.6569999999999999
0.1621570587158203	19600	0.007228	 0.6569999999999999
0.15358877182006836	19600	0.007882	 0.6609389999999999
0.15358877182006836	 0.007228	 0.6568879999999999
0.2483360767364502	 0.013084	 0.664712
0.19163413047790528	 0.008473499999999998	 0.6589775
19600