4.420484304428101	57680	0.010851999999999999	 10.668896
4.269459962844849	57680	0.008050999999999999	 10.664062999999999
4.251524209976196	57680	0.008106	 10.664118
4.203446388244629	57680	0.007993	 10.664005
4.284874439239502	57680	0.008142	 10.664154
4.277864694595337	57680	0.008106	 10.664118
4.445695877075195	57680	0.008106	 10.664118
4.266356468200684	57680	0.008106	 10.664118
4.317321300506592	57680	0.008106	 10.664118
4.301431655883789	57680	0.007996	 10.664183999999999
4.203446388244629	 0.007993	 10.664005
4.445695877075195	 0.010851999999999999	 10.668896
4.303845930099487	 0.008356400000000002	 10.6645892
57680