0.43736815452575684	47160	0.011637999999999999	 1.370738
0.4426553249359131	47160	0.007932	 1.365
0.41883063316345215	47160	0.007880999999999999	 1.364949
0.4308590888977051	47160	0.007767	 1.365011
0.40691280364990234	47160	0.007884	 1.365128
0.40742993354797363	47160	0.007821999999999999	 1.365066
0.4308476448059082	47160	0.007884	 1.365128
0.41491174697875977	47160	0.007932	 1.365
0.4015846252441406	47160	0.007877	 1.3649449999999999
0.42626237869262695	47160	0.007821999999999999	 1.365066
0.4015846252441406	 0.007767	 1.3649449999999999
0.4426553249359131	 0.011637999999999999	 1.370738
0.4217662334442139	 0.008243899999999998	 1.3656031000000002
47160