0.0010089874267578125	8	0.0	 0.001712
0.0019822120666503906	17	0.0	 0.0017319999999999998
0.0009980201721191406	8	0.0	 0.001712
0.0009970664978027344	2	0.0	 0.001712
0.03997349739074707	8	0.0	 0.001712
0.002015829086303711	21	0.0	 0.001712
0.0009965896606445312	9	0.0	 0.001712
0.0019953250885009766	8	0.0	 0.001712
0.0009970664978027344	2	0.0	 0.001712
0.000997304916381836	7	0.0	 0.001712
0.0009965896606445312	 0.0	 0.001712
0.03997349739074707	 0.0	 0.0017319999999999998
0.005196189880371094	 0.0	 0.0017140000000000002
8