0.0049860477447509766	1394	2.8e-05	 0.0018239999999999999
0.003988742828369141	1731	2.8e-05	 0.0018239999999999999
0.003988981246948242	414	2.8e-05	 0.0017679999999999998
0.003023862838745117	1647	2.8e-05	 0.0018239999999999999
0.0039827823638916016	870	2.8e-05	 0.0018239999999999999
0.0029921531677246094	1468	2.8e-05	 0.0018239999999999999
0.00395965576171875	763	2.8e-05	 0.0017679999999999998
0.005097389221191406	363	2.8e-05	 0.0017679999999999998
0.0029125213623046875	1152	2.8e-05	 0.0018239999999999999
0.003988504409790039	955	2.8e-05	 0.0018239999999999999
0.0029125213623046875	 2.8e-05	 0.0017679999999999998
0.005097389221191406	 2.8e-05	 0.0018239999999999999
0.003892064094543457	 2.7999999999999996e-05	 0.0018071999999999997
1394