0.049376726150512695	43	0.005072	 0.193436
0.04288530349731445	43	0.004424	 0.189052
0.051860809326171875	43	0.004978	 0.189516
0.04488015174865723	43	0.00448	 0.18894
0.04089069366455078	43	0.00448	 0.18894
0.04189157485961914	43	0.00448	 0.18894
0.059836387634277344	43	0.0052569999999999995	 0.19289499999999998
0.11270451545715332	43	0.00448	 0.189052
0.08277320861816406	43	0.00448	 0.18894
0.0738067626953125	43	0.005319	 0.193348
0.04089069366455078	 0.004424	 0.18894
0.11270451545715332	 0.005319	 0.193436
0.06009061336517334	 0.004744999999999998	 0.1903059
43