0.35854625701904297	200	0.0049949999999999994	 0.93034
0.44531702995300293	200	0.005304	 0.929642
0.3018183708190918	200	0.0071129999999999995	 0.9296179999999999
0.3349735736846924	200	0.007293999999999999	 0.9299229999999999
0.3390934467315674	200	0.0055249999999999995	 0.9299769999999999
0.3321099281311035	200	0.00547	 0.9299799999999999
0.3386063575744629	200	0.005304	 0.929634
0.5526978969573975	200	0.005242	 0.929616
0.5566234588623047	200	0.005249	 0.929616
0.36004137992858887	200	0.005242	 0.929616
0.3018183708190918	 0.0049949999999999994	 0.929616
0.5566234588623047	 0.007293999999999999	 0.93034
0.39198276996612547	 0.0056738	 0.9297961999999999
200