4.652366399765015	1997	0.0051979999999999995	 8.945442
6.205485820770264	1997	0.005382	 8.941538
4.658106088638306	1997	0.005382	 8.941538
4.81617283821106	1997	0.0055049999999999995	 8.941549
4.786843538284302	1997	0.005382	 8.941538
4.648149728775024	1997	0.005562999999999999	 8.941607
5.29215145111084	1997	0.005618	 8.941661999999999
5.050939321517944	1997	0.005444	 8.9416
4.843717575073242	1997	0.005618	 8.941661999999999
4.517282962799072	1997	0.005444	 8.9416
4.517282962799072	 0.0051979999999999995	 8.941538
6.205485820770264	 0.005618	 8.945442
4.947121572494507	 0.0054535999999999986	 8.941973599999999
1997