359.2433760166168	54503	558.601636	 558.996136
1.0306510925292969	1744	460.073352	 472.558086
1.074678897857666	3733	0.000797	 0.0201
1.0238635540008545	3687	0.000797	 0.020086
1.1424860954284668	6893	0.000852	 0.020092
0.976839542388916	4010	0.000852	 0.020092
1.288083553314209	4083	0.000797	 0.020437999999999998
1.213249921798706	5049	0.000852	 0.020086
1.2676312923431396	5162	0.000797	 0.02009
1.2790005207061768	4014	0.000803	 0.020553
1.1275103092193604	3128	0.000629	 0.020092
0.976839542388916	 0.000629	 0.020086
359.2433760166168	 558.601636	 558.996136
33.697033708745785	 92.60746945454547	 93.79416827272726
54503