0.0	133.0	0.001728	 0.006952
0.0009958744049072266	133.0	8.3e-05	 0.005272
0.0	133.0	4.8e-05	 0.005272
0.0009968280792236328	133.0	4.8e-05	 0.005272
0.0	133.0	4.8e-05	 0.005272
0.0	133.0	4.8e-05	 0.005272
0.0009970664978027344	133.0	4.8e-05	 0.005272
0.0	133.0	4.8e-05	 0.005272
0.0	133.0	4.8e-05	 0.005272
0.0009999275207519531	133.0	4.8e-05	 0.005272
0.0	133.0	4.8e-05	 0.005272
0.000995635986328125	133.0	4.8e-05	 0.005272
0.0	133.0	4.8e-05	 0.005272
0.0	133.0	4.8e-05	 0.005272
0.0009963512420654297	133.0	4.8e-05	 0.005272
0.0	133.0	4.8e-05	 0.005272
0.0	133.0	4.8e-05	 0.005272
0.0009975433349609375	133.0	4.8e-05	 0.005272
0.0	133.0	4.8e-05	 0.005272
0.0	133.0	4.8e-05	 0.005272
0.000997304916381836	133.0	4.8e-05	 0.005272
0.0	133.0	4.8e-05	 0.005272
0.0	133.0	4.8e-05	 0.005272
0.0009970664978027344	133.0	4.8e-05	 0.005272
0.0	133.0	4.8e-05	 0.005272
0.000997304916381836	133.0	4.8e-05	 0.005272
0.0	133.0	4.8e-05	 0.005272
0.0	133.0	4.8e-05	 0.005272
0.000997781753540039	133.0	4.8e-05	 0.005272
0.0	133.0	4.8e-05	 0.005272
0.00099945068359375	133.0	4.8e-05	 0.005272
0.0010020732879638672	133.0	4.8e-05	 0.005272
0.0	133.0	4.8e-05	 0.005272
0.000990152359008789	133.0	4.8e-05	 0.005272
0.0	133.0	4.8e-05	 0.005272
0.0010013580322265625	133.0	4.8e-05	 0.005272
0.0	133.0	4.8e-05	 0.005272
0.0	133.0	4.8e-05	 0.005272
0.000993490219116211	133.0	4.8e-05	 0.005272
0.0	133.0	4.8e-05	 0.005272
0.0009970664978027344	133.0	4.8e-05	 0.005272
0.0	133.0	4.8e-05	 0.005272
0.0	133.0	4.8e-05	 0.005272
0.0009987354278564453	133.0	4.8e-05	 0.005272
0.0	133.0	4.8e-05	 0.005272
0.0009996891021728516	133.0	4.8e-05	 0.005272
0.0	133.0	4.8e-05	 0.005272
0.001039743423461914	133.0	4.8e-05	 0.005272
0.0	133.0	4.8e-05	 0.005272
0.0009524822235107422	133.0	4.8e-05	 0.005272
0.0	 4.8e-05	 0.005272
0.001039743423461914	 0.001728	 0.006952
0.000418858528137207	 8.229999999999993e-05	 0.005305599999999999
133.0