0.0009961128234863281	12.0	0.0011279999999999999	 0.006136
0.0	12.0	0.00047999999999999996	 0.005656
0.0009975433349609375	12.0	0.00047999999999999996	 0.005656
0.0	12.0	4.8e-05	 0.005272
0.0	12.0	4.8e-05	 0.005272
0.0009975433349609375	12.0	4.8e-05	 0.005272
0.0	12.0	4.8e-05	 0.005272
0.000997781753540039	12.0	4.8e-05	 0.005272
0.0	12.0	4.8e-05	 0.005272
0.0009970664978027344	12.0	4.8e-05	 0.005272
0.0009984970092773438	12.0	4.8e-05	 0.005272
0.0	12.0	4.8e-05	 0.005272
0.001031637191772461	12.0	4.8e-05	 0.005272
0.0009629726409912109	12.0	4.8e-05	 0.005272
0.0	12.0	4.8e-05	 0.005272
0.0010271072387695312	12.0	4.8e-05	 0.005272
0.0009775161743164062	12.0	4.8e-05	 0.005272
0.0009865760803222656	12.0	4.8e-05	 0.005272
0.0	12.0	4.8e-05	 0.005272
0.001001596450805664	12.0	4.8e-05	 0.005272
0.0	12.0	4.8e-05	 0.005272
0.0	12.0	4.8e-05	 0.005272
0.0009920597076416016	12.0	4.8e-05	 0.005272
0.0	12.0	4.8e-05	 0.005272
0.0	12.0	4.8e-05	 0.005272
0.0009970664978027344	12.0	4.8e-05	 0.005272
0.0	12.0	4.8e-05	 0.005272
0.000997781753540039	12.0	4.8e-05	 0.005272
0.0009980201721191406	12.0	4.8e-05	 0.005272
0.0	12.0	4.8e-05	 0.005272
0.001016378402709961	12.0	4.8e-05	 0.005272
0.0	12.0	4.8e-05	 0.005272
0.000978231430053711	12.0	4.8e-05	 0.005272
0.0	12.0	4.8e-05	 0.005272
0.0009965896606445312	12.0	0.000112	 0.005272
0.0	12.0	0.000112	 0.005272
0.0	12.0	0.000112	 0.005272
0.0009970664978027344	12.0	0.000112	 0.005272
0.0	12.0	0.000112	 0.005272
0.0	12.0	0.000112	 0.005272
0.000997781753540039	12.0	0.000112	 0.005272
0.0	12.0	0.000112	 0.005272
0.001008749008178711	12.0	0.000112	 0.005272
0.0	12.0	0.000112	 0.005272
0.0	12.0	0.000112	 0.005272
0.0009870529174804688	12.0	0.000112	 0.005272
0.0010018348693847656	12.0	0.000112	 0.005272
0.0	12.0	0.000112	 0.005272
0.0010001659393310547	12.0	0.000112	 0.005272
0.0010001659393310547	12.0	0.000112	 0.005272
0.0	 4.8e-05	 0.005272
0.001031637191772461	 0.0011279999999999999	 0.006136
0.0005188179016113281	 0.00010735999999999993	 0.005304639999999999
12.0