0.0009982585906982422	1958.0	0.000192	 0.005416
0.0	1958.0	4.8e-05	 0.005272
0.0	1958.0	4.8e-05	 0.005272
0.0009963512420654297	1958.0	4.8e-05	 0.005272
0.0	1958.0	4.8e-05	 0.005272
0.0009970664978027344	1958.0	4.8e-05	 0.005272
0.0	1958.0	4.8e-05	 0.005272
0.0	1958.0	4.8e-05	 0.005272
0.0010275840759277344	1958.0	4.8e-05	 0.005272
0.0	1958.0	4.8e-05	 0.005272
0.0	 4.8e-05	 0.005272
0.0010275840759277344	 0.000192	 0.005416
0.00040192604064941405	 6.239999999999999e-05	 0.005286399999999999
1958.0