0.009971141815185547	59	0.0	 0.002804
0.00997304916381836	73	0.0	 0.002804
0.00897836685180664	120	0.0	 0.002804
0.007976531982421875	177	0.0	 0.002804
0.008976221084594727	81	0.0	 0.002804
0.00897669792175293	66	0.0	 0.002804
0.008975505828857422	98	0.0	 0.002804
0.009974002838134766	66	0.0	 0.002804
0.008974552154541016	88	0.0	 0.002804
0.00797891616821289	9	0.0	 0.002804
0.007976531982421875	 0.0	 0.002804
0.009974002838134766	 0.0	 0.002804
0.009075498580932618	 0.0	 0.0028040000000000005
59