0.010319948196411133	1472	2.8e-05	 0.0028599999999999997
0.008975744247436523	536	2.8e-05	 0.002832
0.008975744247436523	546	2.8e-05	 0.0028599999999999997
0.00997471809387207	1076	2.8e-05	 0.002832
0.008975744247436523	1436	2.8e-05	 0.0028599999999999997
0.00897526741027832	1467	2.8e-05	 0.0028599999999999997
0.007979154586791992	1501	2.8e-05	 0.0028599999999999997
0.009975194931030273	802	2.8e-05	 0.002832
0.009973764419555664	632	2.8e-05	 0.002832
0.009007692337036133	1360	2.8e-05	 0.0028599999999999997
0.007979154586791992	 2.8e-05	 0.002832
0.010319948196411133	 2.8e-05	 0.0028599999999999997
0.009313297271728516	 2.7999999999999996e-05	 0.0028488
1472