0.005984067916870117	16	0.0	 0.002776
0.0069811344146728516	10	0.0	 0.002776
0.005983829498291016	15	0.0	 0.0027879999999999997
0.005984783172607422	11	0.0	 0.002776
0.005983114242553711	6	0.0	 0.002776
0.005984783172607422	3	0.0	 0.002776
0.005983829498291016	12	0.0	 0.002776
0.006983280181884766	13	0.0	 0.002776
0.010968685150146484	18	0.000592	 0.020708999999999998
0.0069811344146728516	15	0.0	 0.002776
0.005983114242553711	 0.0	 0.002776
0.010968685150146484	 0.000592	 0.020708999999999998
0.006781864166259766	 5.9199999999999996e-05	 0.0045705
16