0.0039899349212646484	66	0.061432	 0.079888
0.0049855709075927734	66	0.047736	 0.056223999999999996
0.005984306335449219	66	0.06168	 0.080136
0.009974241256713867	66	0.037767999999999996	 0.056223999999999996
0.009975433349609375	66	0.076184	 0.08259999999999999
0.008980035781860352	66	0.042864	 0.056223999999999996
0.007971525192260742	66	0.071032	 0.089488
0.007978677749633789	66	0.037767999999999996	 0.056223999999999996
0.004986286163330078	66	0.07192799999999999	 0.073248
0.00998234748840332	66	0.041687999999999996	 0.060143999999999996
0.0039899349212646484	 0.037767999999999996	 0.056223999999999996
0.00998234748840332	 0.076184	 0.089488
0.007480835914611817	 0.05500799999999999	 0.06903999999999999
66