0.4353446960449219	7536	6.556832	 6.559063999999999
0.40990281105041504	7536	6.646825	 6.649057
0.41588854789733887	7536	6.647097	 6.649329
0.39463376998901367	7536	6.646818	 6.64905
0.3920309543609619	7536	6.647151999999999	 6.6493839999999995
0.3919508457183838	7536	6.647214	 6.649445999999999
0.39095401763916016	7536	6.647214	 6.649445999999999
0.3879683017730713	7536	6.6468799999999995	 6.649112
0.48914361000061035	7536	6.6468799999999995	 6.649112
0.39593958854675293	7536	6.646763	 6.648994999999999
0.3879683017730713	 6.556832	 6.559063999999999
0.48914361000061035	 6.647214	 6.649445999999999
0.410375714302063	 6.637967499999999	 6.6401995
7536