0.04088902473449707	467.0	0.005895999999999999	 0.65788
0.039893388748168945	467.0	0.0049039999999999995	 0.6568879999999999
0.04188823699951172	467.0	0.0049039999999999995	 0.6568879999999999
0.03989291191101074	467.0	0.0074329999999999995	 0.659353
0.05984020233154297	467.0	0.006764999999999999	 0.657717
0.04089045524597168	467.0	0.0049039999999999995	 0.6568879999999999
0.04239487648010254	467.0	0.0049039999999999995	 0.6568879999999999
0.039893388748168945	467.0	0.0049039999999999995	 0.6568879999999999
0.04089045524597168	467.0	0.0049039999999999995	 0.6568879999999999
0.040921688079833984	467.0	0.009222	 0.659391
0.03989291191101074	 0.0049039999999999995	 0.6568879999999999
0.05984020233154297	 0.009222	 0.659391
0.042739462852478025	 0.005873999999999999	 0.6575669000000001
467.0