0.06482648849487305	30.0	0.006304	 0.65836
0.04587602615356445	30.0	0.0048319999999999995	 0.6568879999999999
0.03989243507385254	30.0	0.0048319999999999995	 0.6568879999999999
0.05285978317260742	30.0	0.0048319999999999995	 0.6568879999999999
0.040889739990234375	30.0	0.007365999999999999	 0.659358
0.03889966011047363	30.0	0.006717	 0.658095
0.03989291191101074	30.0	0.0048319999999999995	 0.6568879999999999
0.12367796897888184	30.0	0.0048319999999999995	 0.6568879999999999
0.048860788345336914	30.0	0.008990999999999999	 0.6610469999999999
0.038895606994628906	30.0	0.005461	 0.656165
0.038895606994628906	 0.0048319999999999995	 0.656165
0.12367796897888184	 0.008990999999999999	 0.6610469999999999
0.05345714092254639	 0.0058999000000000005	 0.6577465
30.0