0.0389246940612793	3551.0	0.0058	 0.65788
0.037900686264038086	3551.0	0.004808	 0.6568879999999999
0.03689217567443848	3551.0	0.004808	 0.6568879999999999
0.03890180587768555	3551.0	0.010145999999999999	 0.661698
0.038898468017578125	3551.0	0.004744	 0.656824
0.03889298439025879	3551.0	0.004808	 0.6568879999999999
0.035875558853149414	3551.0	0.004808	 0.6568879999999999
0.03783416748046875	3551.0	0.004808	 0.6568879999999999
0.035904884338378906	3551.0	0.004808	 0.6568879999999999
0.03786873817443848	3551.0	0.009852999999999999	 0.661933
0.035875558853149414	 0.004744	 0.656824
0.0389246940612793	 0.010145999999999999	 0.661933
0.037789416313171384	 0.0059391	 0.6579663000000001
3551.0