0.0	1161.0	0.001584	 0.006808
0.0010001659393310547	1161.0	4.8e-05	 0.005272
0.0	1161.0	4.8e-05	 0.005272
0.0	1161.0	4.8e-05	 0.005272
0.0009975433349609375	1161.0	4.8e-05	 0.005272
0.0	1161.0	4.8e-05	 0.005272
0.0	1161.0	4.8e-05	 0.005272
0.0010061264038085938	1161.0	4.8e-05	 0.005272
0.0	1161.0	4.8e-05	 0.005272
0.0009887218475341797	1161.0	4.8e-05	 0.005272
0.0	 4.8e-05	 0.005272
0.0010061264038085938	 0.001584	 0.006808
0.00039925575256347654	 0.00020160000000000005	 0.005425599999999999
1161.0