0.0	173.46938775510205	0.001584	 0.006808
0.0009980201721191406	173.46938775510205	4.8e-05	 0.005272
0.0010046958923339844	173.46938775510205	4.8e-05	 0.005272
0.0009961128234863281	173.46938775510205	4.8e-05	 0.005272
0.0009961128234863281	173.46938775510205	4.8e-05	 0.005272
0.000993490219116211	173.46938775510205	4.8e-05	 0.005272
0.0	173.46938775510205	4.8e-05	 0.005272
0.0010123252868652344	173.46938775510205	4.8e-05	 0.005272
0.000993967056274414	173.46938775510205	4.8e-05	 0.005272
0.0009930133819580078	173.46938775510205	4.8e-05	 0.005272
0.0	 4.8e-05	 0.005272
0.0010123252868652344	 0.001584	 0.006808
0.0007987737655639649	 0.00020160000000000005	 0.005425599999999999
173.46938775510205