0.003020763397216797	2752.0	0.005791999999999999	 0.055791999999999994
0.0029621124267578125	2752.0	0.002672	 0.051519999999999996
0.002991914749145508	2752.0	0.002672	 0.051519999999999996
0.003989458084106445	2752.0	0.002672	 0.051519999999999996
0.004019498825073242	2752.0	0.002672	 0.051519999999999996
0.00395965576171875	2752.0	0.002672	 0.051519999999999996
0.003989696502685547	2752.0	0.002672	 0.051519999999999996
0.002992391586303711	2752.0	0.002672	 0.051519999999999996
0.005019426345825195	2752.0	0.002672	 0.051519999999999996
0.00397944450378418	2752.0	0.002672	 0.051519999999999996
0.0029621124267578125	 0.002672	 0.051519999999999996
0.005019426345825195	 0.005791999999999999	 0.055791999999999994
0.003692436218261719	 0.0029840000000000005	 0.051947200000000006
2752.0