0.015063762664794922	20.0	0.0031839999999999998	 0.052031999999999995
0.003988742828369141	20.0	0.0027199999999999998	 0.051632
0.009973287582397461	20.0	0.002672	 0.051519999999999996
0.002992868423461914	20.0	0.002672	 0.051519999999999996
0.013499259948730469	20.0	0.002672	 0.051519999999999996
0.004495382308959961	20.0	0.002672	 0.051519999999999996
0.008009910583496094	20.0	0.002672	 0.051519999999999996
0.005983591079711914	20.0	0.002672	 0.051519999999999996
0.011485815048217773	20.0	0.0027069999999999998	 0.051519999999999996
0.006490468978881836	20.0	0.002672	 0.051519999999999996
0.002992868423461914	 0.002672	 0.051519999999999996
0.015063762664794922	 0.0031839999999999998	 0.052031999999999995
0.008198308944702148	 0.0027315000000000004	 0.05158240000000001
20.0