0.04790544509887695	141.11111111111111	0.005895999999999999	 0.65788
0.04285025596618652	141.11111111111111	0.0049039999999999995	 0.6568879999999999
0.04391193389892578	141.11111111111111	0.0049039999999999995	 0.6568879999999999
0.04285836219787598	141.11111111111111	0.0049039999999999995	 0.6568879999999999
0.04088854789733887	141.11111111111111	0.0049039999999999995	 0.6568879999999999
0.04092073440551758	141.11111111111111	0.010001999999999999	 0.661458
0.04884076118469238	141.11111111111111	0.006013	 0.6566449999999999
0.05285835266113281	141.11111111111111	0.0049039999999999995	 0.6568879999999999
0.0438847541809082	141.11111111111111	0.0049039999999999995	 0.6568879999999999
0.039890289306640625	141.11111111111111	0.0049039999999999995	 0.6568879999999999
0.039890289306640625	 0.0049039999999999995	 0.6566449999999999
0.05285835266113281	 0.010001999999999999	 0.661458
0.04448094367980957	 0.005623899999999999	 0.6574199000000001
141.11111111111111