0.04091978073120117	665.6961325966851	0.00628	 0.65836
0.036900997161865234	665.6961325966851	0.004808	 0.6568879999999999
0.03989386558532715	665.6961325966851	0.004808	 0.6568879999999999
0.03590559959411621	665.6961325966851	0.004808	 0.6568879999999999
0.03590130805969238	665.6961325966851	0.004808	 0.6568879999999999
0.03388023376464844	665.6961325966851	0.004808	 0.6568879999999999
0.03592729568481445	665.6961325966851	0.007533	 0.6595489999999999
0.03689002990722656	665.6961325966851	0.006620999999999999	 0.657669
0.03689980506896973	665.6961325966851	0.004808	 0.6568879999999999
0.034906864166259766	665.6961325966851	0.004808	 0.6568879999999999
0.03388023376464844	 0.004808	 0.6568879999999999
0.04091978073120117	 0.007533	 0.6595489999999999
0.03680257797241211	 0.005409	 0.6573794
665.6961325966851