0.04188704490661621	27.666666666666668	0.005823999999999999	 0.65788
0.06083869934082031	27.666666666666668	0.0048319999999999995	 0.6568879999999999
0.04089045524597168	27.666666666666668	0.0048319999999999995	 0.6568879999999999
0.04488015174865723	27.666666666666668	0.0048319999999999995	 0.6568879999999999
0.04089093208312988	27.666666666666668	0.007455	 0.659447
0.04088950157165527	27.666666666666668	0.006664	 0.6587839999999999
0.06682300567626953	27.666666666666668	0.005294	 0.6560619999999999
0.08178138732910156	27.666666666666668	0.0048319999999999995	 0.6568879999999999
0.0747988224029541	27.666666666666668	0.0048319999999999995	 0.6568879999999999
0.03899955749511719	27.666666666666668	0.007324	 0.661901
0.03899955749511719	 0.0048319999999999995	 0.6560619999999999
0.08178138732910156	 0.007455	 0.661901
0.0532679557800293	 0.005672099999999999	 0.6578514
27.666666666666668