1.774095058441162	3577	0.005678	 0.65692
1.7108430862426758	3577	0.005663	 0.6569999999999999
1.875579595565796	3577	0.005756	 0.6569999999999999
1.4034342765808105	3577	0.0059299999999999995	 0.657462
1.4012818336486816	3577	0.0059299999999999995	 0.657462
1.4163055419921875	3577	0.005875	 0.657462
1.3998582363128662	3577	0.0059299999999999995	 0.657462
1.3987271785736084	3577	0.0059299999999999995	 0.657462
1.407243013381958	3577	0.005875	 0.657462
1.4018337726593018	3577	0.0059299999999999995	 0.657462
1.3987271785736084	 0.005663	 0.65692
1.875579595565796	 0.0059299999999999995	 0.657462
1.5189201593399049	 0.0058496999999999985	 0.6573153999999999
3577