0.0	1502.656	0.0	 0.0007279999999999999
0.0	1502.656	0.0	 0.0007279999999999999
0.0	1502.656	0.0	 0.0007279999999999999
0.0	1502.656	0.0	 0.0007279999999999999
0.0	1502.656	0.0	 0.0007279999999999999
0.0	1502.656	0.0	 0.0007279999999999999
0.0	1502.656	0.0	 0.0007279999999999999
0.0	1502.656	0.0	 0.0007279999999999999
0.0	1502.656	0.0	 0.0007279999999999999
0.0	1502.656	0.0	 0.0007279999999999999
0.0	 0.0	 0.0007279999999999999
0.0	 0.0	 0.0007279999999999999
0.0	 0.0	 0.0007279999999999998
1502.656