0.001001596450805664	200.92	7.2e-05	 0.002208
0.0	200.92	0.00011999999999999999	 0.0022559999999999998
0.0	200.92	0.00011999999999999999	 0.0022559999999999998
0.0	200.92	0.00011999999999999999	 0.0022559999999999998
0.0	200.92	0.00011999999999999999	 0.0022559999999999998
0.0	200.92	0.00011999999999999999	 0.0022559999999999998
0.0	200.92	0.00011999999999999999	 0.0022559999999999998
0.0	200.92	0.00011999999999999999	 0.0022559999999999998
0.0	200.92	0.00011999999999999999	 0.0022559999999999998
0.0	200.92	0.00011999999999999999	 0.0022559999999999998
0.0	 7.2e-05	 0.002208
0.001001596450805664	 0.00011999999999999999	 0.0022559999999999998
0.00010015964508056641	 0.00011519999999999998	 0.0022512
200.92