0.000993967056274414	42.667	7.2e-05	 0.002208
0.0	42.667	0.00011999999999999999	 0.0022559999999999998
0.0	42.667	0.00011999999999999999	 0.0022559999999999998
0.0	42.667	0.00011999999999999999	 0.0022559999999999998
0.0	42.667	0.00011999999999999999	 0.0022559999999999998
0.0	42.667	0.00011999999999999999	 0.0022559999999999998
0.0	42.667	0.00011999999999999999	 0.0022559999999999998
0.0	42.667	0.00011999999999999999	 0.0022559999999999998
0.0	42.667	0.00011999999999999999	 0.0022559999999999998
0.0	42.667	0.00011999999999999999	 0.0022559999999999998
0.0	 7.2e-05	 0.002208
0.000993967056274414	 0.00011999999999999999	 0.0022559999999999998
9.93967056274414e-05	 0.00011519999999999998	 0.0022512
42.667