0.0	1982.03	7.2e-05	 0.002208
0.0	1982.03	0.00011999999999999999	 0.0022559999999999998
0.0	1982.03	0.00011999999999999999	 0.0022559999999999998
0.0	1982.03	0.00011999999999999999	 0.0022559999999999998
0.0	1982.03	0.00011999999999999999	 0.0022559999999999998
0.0	1982.03	0.00011999999999999999	 0.0022559999999999998
0.0	1982.03	0.00011999999999999999	 0.0022559999999999998
0.0	1982.03	0.00011999999999999999	 0.0022559999999999998
0.0010266304016113281	1982.03	0.00011999999999999999	 0.0022559999999999998
0.0	1982.03	0.00011999999999999999	 0.0022559999999999998
0.0	 7.2e-05	 0.002208
0.0010266304016113281	 0.00011999999999999999	 0.0022559999999999998
0.00010266304016113282	 0.00011519999999999998	 0.0022512
1982.03