0.009972810745239258	1958	0.00035999999999999997	 0.0006399999999999999
0.010970592498779297	1958	0.0	 0.00039999999999999996
0.010975360870361328	1958	0.000571	 0.001036
0.009473323822021484	1958	0.0	 0.00039999999999999996
0.009973526000976562	1958	0.0	 0.00039999999999999996
0.00997471809387207	1958	0.0	 0.00039999999999999996
0.00997304916381836	1958	0.0	 0.00039999999999999996
0.015957355499267578	1958	0.0	 0.00039999999999999996
0.009972095489501953	1958	0.0	 0.00039999999999999996
0.013962745666503906	1958	0.0	 0.00039999999999999996
0.009473323822021484	 0.0	 0.00039999999999999996
0.015957355499267578	 0.000571	 0.001036
0.01112055778503418	 9.31e-05	 0.0004876000000000001
1958