16.475409269332886	3005	0.000601	 0.004404
16.679851055145264	3005	0.000594	 0.004781
16.50581169128418	3005	0.000649	 0.004836
16.618470430374146	3005	0.000594	 0.004778999999999999
16.85097575187683	3005	0.000594	 0.00486
16.563687562942505	3005	0.000704	 0.0048319999999999995
16.27245306968689	3005	0.000656	 0.004807
16.674437999725342	3005	0.000539	 0.004404
16.774304151535034	3005	0.000594	 0.004406
16.609548330307007	3005	0.000649	 0.004781
16.27245306968689	 0.000539	 0.004404
16.85097575187683	 0.000704	 0.00486
16.60249493122101	 0.0006173999999999999	 0.004689
3005