0.0009982585906982422	12	0.00035999999999999997	 0.000544
0.001987457275390625	12	0.0	 0.000232
0.0019931793212890625	12	0.0	 0.000232
0.0009975433349609375	12	0.0	 0.000232
0.003999471664428711	12	0.0	 0.000232
0.002981901168823242	12	0.0	 0.000232
0.0009965896606445312	12	0.0	 0.000232
0.0009968280792236328	12	0.0	 0.000232
0.001994609832763672	12	0.0	 0.000232
0.0019941329956054688	12	0.0	 0.000232
0.0009975433349609375	12	0.0	 0.000232
0.0019948482513427734	12	0.0	 0.000232
0.0019953250885009766	12	0.0	 0.000232
0.0019943714141845703	12	0.0	 0.000232
0.001994609832763672	12	0.0	 0.000232
0.0009968280792236328	12	0.0	 0.000232
0.0019948482513427734	12	0.0	 0.000232
0.000997304916381836	12	0.0	 0.000232
0.001995563507080078	12	0.0	 0.000232
0.000997781753540039	12	0.0	 0.000232
0.0026352405548095703	12	0.0	 0.000232
0.0029892921447753906	12	0.00046199999999999995	 0.0010869999999999999
0.0019922256469726562	12	0.0	 0.000232
0.0019974708557128906	12	0.0	 0.000232
0.0009946823120117188	12	0.0	 0.000232
0.001995086669921875	12	0.0	 0.000232
0.001997709274291992	12	0.0	 0.000232
0.000993967056274414	12	0.0	 0.000232
0.000997304916381836	12	0.0	 0.000232
0.0019953250885009766	12	0.0	 0.000232
0.001993894577026367	12	0.0	 0.000232
0.0019953250885009766	12	0.0	 0.000232
0.001993417739868164	12	0.0	 0.000232
0.0009975433349609375	12	0.0	 0.000232
0.0019943714141845703	12	0.0	 0.000232
0.000997781753540039	12	0.0	 0.000232
0.001994609832763672	12	0.0	 0.000232
0.001995563507080078	12	0.0	 0.000232
0.0019953250885009766	12	0.0	 0.000232
0.0019936561584472656	12	0.0	 0.000232
0.0029942989349365234	12	0.0	 0.000232
0.003988742828369141	12	0.0	 0.000232
0.001994609832763672	12	0.0	 0.000232
0.0009965896606445312	12	0.0	 0.000232
0.000997781753540039	12	0.0	 0.000232
0.0029973983764648438	12	0.000571	 0.000896
0.0019919872283935547	12	0.0	 0.000232
0.0019965171813964844	12	0.0	 0.000232
0.0019931793212890625	12	0.0	 0.000232
0.0019941329956054688	12	0.0	 0.000232
0.000993967056274414	 0.0	 0.000232
0.003999471664428711	 0.000571	 0.0010869999999999999
0.001867680549621582	 2.7859999999999998e-05	 0.0002686199999999997
12