0.003989458084106445	172	0.543848	 0.9386599999999999
0.003987789154052734	172	0.0	 0.000372
0.0029931068420410156	172	0.0	 0.000372
0.005984067916870117	172	0.0	 0.000372
0.0059854984283447266	172	0.0	 0.000372
0.004984855651855469	172	0.0	 0.000372
0.003991365432739258	172	0.0	 0.000372
0.004984378814697266	172	0.000571	 0.0009519999999999999
0.0029916763305664062	172	0.0	 0.000372
0.004986763000488281	172	0.0	 0.000372
0.0029916763305664062	 0.0	 0.000372
0.0059854984283447266	 0.543848	 0.9386599999999999
0.0044878959655761715	 0.0544419	 0.09425880000000002
172