10.964666366577148	193	0.000594	 0.004324
11.882795572280884	193	0.000704	 0.004814
10.670419692993164	193	0.000766	 0.004814
10.846008539199829	193	0.0007109999999999999	 0.004758
10.795207262039185	193	0.000649	 0.0048119999999999994
10.86818814277649	193	0.000656	 0.004791999999999999
11.128889560699463	193	0.000766	 0.0047799999999999995
11.002532720565796	193	0.000708	 0.00484
10.460044622421265	193	0.000766	 0.0048119999999999994
10.473942995071411	193	0.000704	 0.004784
10.460044622421265	 0.000594	 0.004324
11.882795572280884	 0.000766	 0.00484
10.909269547462463	 0.0007023999999999999	 0.0047529999999999985
193