16.909905672073364	2776	0.000656	 0.006601999999999999
16.978413343429565	2776	0.000594	 0.00443
17.3228440284729	2776	0.000704	 0.004834
17.79139471054077	2776	0.000594	 0.004402
16.606565237045288	2776	0.000649	 0.004834
17.587308645248413	2776	0.0007109999999999999	 0.004836
2.565166473388672	30	0.415333	 0.49215299999999995
2.2130753993988037	30	0.0009339999999999999	 0.0047279999999999996
2.1621994972229004	30	0.000879	 0.004705
2.179191827774048	30	0.0009339999999999999	 0.0047079999999999995
2.187175750732422	30	0.0008719999999999999	 0.00475
2.312782049179077	30	0.0008169999999999999	 0.004667
2.2237460613250732	30	0.0009429999999999999	 0.004732999999999999
2.167639970779419	30	0.0008849999999999999	 0.004719
2.194131851196289	30	0.000881	 0.004732999999999999
2.182152032852173	30	0.000713	 0.004738
2.1621994972229004	 0.000594	 0.004402
17.79139471054077	 0.415333	 0.49215299999999995
7.848980784416199	 0.026693687500000007	 0.03528575
2776