0.017951488494873047	3415.1018867924527	0.005104	 0.32057599999999997
0.021943330764770508	3415.1018867924527	0.004592	 0.32006399999999996
0.018949270248413086	3415.1018867924527	0.004592	 0.32006399999999996
0.018947362899780273	3415.1018867924527	0.004592	 0.32006399999999996
0.018462419509887695	3415.1018867924527	0.004592	 0.32006399999999996
0.020944595336914062	3415.1018867924527	0.011699	 0.32720499999999997
0.023936033248901367	3415.1018867924527	0.006022	 0.32039799999999996
0.021944761276245117	3415.1018867924527	0.004592	 0.32006399999999996
0.021447181701660156	3415.1018867924527	0.004592	 0.32006399999999996
0.026928186416625977	3415.1018867924527	0.004592	 0.32006399999999996
0.017951488494873047	 0.004592	 0.32006399999999996
0.026928186416625977	 0.011699	 0.32720499999999997
0.02114546298980713	 0.005496899999999999	 0.32086269999999995
3415.1018867924527