0.0030198097229003906	2269.032258064516	0.004168	 0.052992
0.004988193511962891	2269.032258064516	0.002768	 0.051519999999999996
0.0029909610748291016	2269.032258064516	0.002768	 0.051519999999999996
0.003960371017456055	2269.032258064516	0.002768	 0.051519999999999996
0.0030221939086914062	2269.032258064516	0.002768	 0.051519999999999996
0.003959178924560547	2269.032258064516	0.002768	 0.051519999999999996
0.003989458084106445	2269.032258064516	0.002768	 0.051519999999999996
0.0040187835693359375	2269.032258064516	0.015382	 0.064238
0.0029633045196533203	2269.032258064516	0.004272	 0.053087999999999996
0.0030138492584228516	2269.032258064516	0.002768	 0.051519999999999996
0.0029633045196533203	 0.002768	 0.051519999999999996
0.004988193511962891	 0.015382	 0.064238
0.0035926103591918945	 0.0043197999999999995	 0.053095800000000005
2269.032258064516