0.0069959163665771484	2290.8387096774195	0.005344	 0.122136
0.006967306137084961	2290.8387096774195	0.003872	 0.120664
0.007981061935424805	2290.8387096774195	0.003872	 0.120664
0.008250713348388672	2290.8387096774195	0.003872	 0.120664
0.0059833526611328125	2290.8387096774195	0.003872	 0.120664
0.006981372833251953	2290.8387096774195	0.003872	 0.120664
0.0069811344146728516	2290.8387096774195	0.003872	 0.120664
0.006981372833251953	2290.8387096774195	0.003872	 0.120664
0.007985591888427734	2290.8387096774195	0.003872	 0.120664
0.006979942321777344	2290.8387096774195	0.003872	 0.120664
0.0059833526611328125	 0.003872	 0.120664
0.008250713348388672	 0.005344	 0.122136
0.007208776473999023	 0.0040192	 0.12081119999999998
2290.8387096774195