0.0	11391.43	0.002424	 0.007744
0.0	11391.43	0.002424	 0.0077919999999999994
0.0	11391.43	0.002424	 0.0077919999999999994
0.0	11391.43	0.002424	 0.0077919999999999994
0.0009980201721191406	11391.43	0.002424	 0.0077919999999999994
0.0	11391.43	0.002424	 0.0077919999999999994
0.0	11391.43	0.002424	 0.0077919999999999994
0.0	11391.43	0.002424	 0.0077919999999999994
0.0009965896606445312	11391.43	0.002424	 0.0077919999999999994
0.0	11391.43	0.002424	 0.0077919999999999994
0.0	 0.002424	 0.007744
0.0009980201721191406	 0.002424	 0.0077919999999999994
0.0001994609832763672	 0.0024239999999999995	 0.0077871999999999985
11391.43