0.0	9279.645	7.2e-05	 0.002208
0.0	9279.645	0.00011999999999999999	 0.0022559999999999998
0.0	9279.645	0.00011999999999999999	 0.0022559999999999998
0.0	9279.645	0.00011999999999999999	 0.0022559999999999998
0.0	9279.645	0.00011999999999999999	 0.0022559999999999998
0.0009965896606445312	9279.645	0.00011999999999999999	 0.0022559999999999998
0.0	9279.645	0.00011999999999999999	 0.0022559999999999998
0.0	9279.645	0.00011999999999999999	 0.0022559999999999998
0.0	9279.645	0.00011999999999999999	 0.0022559999999999998
0.0	9279.645	0.00011999999999999999	 0.0022559999999999998
0.0	 7.2e-05	 0.002208
0.0009965896606445312	 0.00011999999999999999	 0.0022559999999999998
9.965896606445312e-05	 0.00011519999999999998	 0.0022512
9279.645