0.002991199493408203	28916.008	0.002424	 0.033083999999999995
0.0	28916.008	0.002424	 0.033132
0.0	28916.008	0.002424	 0.033132
0.0009968280792236328	28916.008	0.002424	 0.033132
0.001995086669921875	28916.008	0.002424	 0.033132
0.000997781753540039	28916.008	0.002424	 0.033132
0.000997304916381836	28916.008	0.002424	 0.033132
0.0009970664978027344	28916.008	0.002424	 0.033132
0.0	28916.008	0.002424	 0.033132
0.0009865760803222656	28916.008	0.002424	 0.033132
0.0	 0.002424	 0.033083999999999995
0.002991199493408203	 0.002424	 0.033132
0.0009961843490600586	 0.0024239999999999995	 0.033127199999999996
28916.008