0.0009958744049072266	100.0	0.001584	 0.006808
0.0009899139404296875	100.0	4.8e-05	 0.005272
0.0	100.0	4.8e-05	 0.005272
0.0009965896606445312	100.0	4.8e-05	 0.005272
0.0	100.0	4.8e-05	 0.005272
0.0009970664978027344	100.0	4.8e-05	 0.005272
0.0	100.0	4.8e-05	 0.005272
0.0	100.0	4.8e-05	 0.005272
0.0009968280792236328	100.0	4.8e-05	 0.005272
0.0	100.0	4.8e-05	 0.005272
0.0	 4.8e-05	 0.005272
0.0009970664978027344	 0.001584	 0.006808
0.0004976272583007812	 0.00020160000000000005	 0.005425599999999999
100.0