0.004976034164428711	36	0.005888	 0.052511999999999996
0.003987789154052734	36	0.004896	 0.051519999999999996
0.004017353057861328	36	0.004896	 0.051519999999999996
0.004987955093383789	36	0.004896	 0.051519999999999996
0.0039882659912109375	36	0.004896	 0.051519999999999996
0.003961086273193359	36	0.004896	 0.051519999999999996
0.0039882659912109375	36	0.004896	 0.051519999999999996
0.0079803466796875	36	0.004896	 0.051519999999999996
0.006980419158935547	36	0.004896	 0.051519999999999996
0.004986763000488281	36	0.004896	 0.051519999999999996
0.003961086273193359	 0.004896	 0.051519999999999996
0.0079803466796875	 0.005888	 0.052511999999999996
0.004985427856445313	 0.0049952	 0.0516192
36