0.009983062744140625	608	0.006483999999999999	 0.052992
0.006942272186279297	608	0.005012	 0.051519999999999996
0.009973764419555664	608	0.005012	 0.051519999999999996
0.0070116519927978516	608	0.005012	 0.051519999999999996
0.007970571517944336	608	0.005012	 0.051519999999999996
0.0069844722747802734	608	0.005012	 0.051519999999999996
0.00997304916381836	608	0.005012	 0.051519999999999996
0.0069828033447265625	608	0.005012	 0.051519999999999996
0.0069577693939208984	608	0.005012	 0.051519999999999996
0.006018638610839844	608	0.005012	 0.051519999999999996
0.006018638610839844	 0.005012	 0.051519999999999996
0.009983062744140625	 0.006483999999999999	 0.052992
0.007879805564880372	 0.005159200000000001	 0.0516672
608