0.01096963882446289	5	0.006431999999999999	 0.052992
0.0069789886474609375	5	0.00496	 0.051519999999999996
0.018952608108520508	5	0.00496	 0.051519999999999996
0.02094292640686035	5	0.00496	 0.051519999999999996
0.007977962493896484	5	0.00496	 0.051519999999999996
0.007983684539794922	5	0.00496	 0.051519999999999996
0.008968591690063477	5	0.00496	 0.051519999999999996
0.0069844722747802734	5	0.00496	 0.051519999999999996
0.015954971313476562	5	0.00496	 0.051519999999999996
0.01495981216430664	5	0.00496	 0.051519999999999996
0.0069789886474609375	 0.00496	 0.051519999999999996
0.02094292640686035	 0.006431999999999999	 0.052992
0.012067365646362304	 0.005107199999999999	 0.0516672
5