0.006980419158935547	3285.0	0.004384	 0.12117599999999999
0.0071027278900146484	3285.0	0.003872	 0.120664
0.0069806575775146484	3285.0	0.003872	 0.120664
0.007978439331054688	3285.0	0.003872	 0.120664
0.01595783233642578	3285.0	0.003872	 0.120664
0.007977962493896484	3285.0	0.003872	 0.120664
0.006981611251831055	3285.0	0.003872	 0.120664
0.008976459503173828	3285.0	0.003872	 0.120664
0.00797891616821289	3285.0	0.003872	 0.120664
0.007977724075317383	3285.0	0.003872	 0.120664
0.006980419158935547	 0.003872	 0.120664
0.01595783233642578	 0.004384	 0.12117599999999999
0.008489274978637695	 0.0039232	 0.12071519999999998
3285.0