0.020842313766479492	7936.0	0.006064	 0.321536
0.021541357040405273	7936.0	0.010709	 0.32006399999999996
0.020943641662597656	7936.0	0.005696	 0.320448
0.02996349334716797	7936.0	0.006607	 0.322055
0.02189946174621582	7936.0	0.004816	 0.32028799999999996
0.02392888069152832	7936.0	0.005519	 0.31976699999999997
0.027925729751586914	7936.0	0.004726	 0.32011
0.03191423416137695	7936.0	0.004592	 0.32006399999999996
0.029921531677246094	7936.0	0.004592	 0.32006399999999996
0.019454479217529297	7936.0	0.004592	 0.32006399999999996
0.019454479217529297	 0.004592	 0.31976699999999997
0.03191423416137695	 0.010709	 0.322055
0.02483351230621338	 0.0057913	 0.32044599999999995
7936.0