0.003988504409790039	2515.0	0.00424	 0.052992
0.0029926300048828125	2515.0	0.002768	 0.051519999999999996
0.0029914379119873047	2515.0	0.002768	 0.051519999999999996
0.004987001419067383	2515.0	0.002768	 0.051519999999999996
0.002991914749145508	2515.0	0.002768	 0.051519999999999996
0.0039899349212646484	2515.0	0.002768	 0.051519999999999996
0.0045013427734375	2515.0	0.002768	 0.051519999999999996
0.003991842269897461	2515.0	0.002768	 0.051519999999999996
0.0029897689819335938	2515.0	0.002768	 0.051519999999999996
0.0029878616333007812	2515.0	0.002768	 0.051519999999999996
0.0029878616333007812	 0.002768	 0.051519999999999996
0.004987001419067383	 0.00424	 0.052992
0.003641223907470703	 0.0029151999999999997	 0.0516672
2515.0