0.0009679794311523438	1028.0	0.000144	 0.0053679999999999995
0.0	1028.0	4.8e-05	 0.005272
0.0	1028.0	4.8e-05	 0.005272
0.0009980201721191406	1028.0	4.8e-05	 0.005272
0.0	1028.0	4.8e-05	 0.005272
0.0	1028.0	4.8e-05	 0.005272
0.0010275840759277344	1028.0	4.8e-05	 0.005272
0.0	1028.0	4.8e-05	 0.005272
0.0009949207305908203	1028.0	4.8e-05	 0.005272
0.0	1028.0	4.8e-05	 0.005272
0.0	 4.8e-05	 0.005272
0.0010275840759277344	 0.000144	 0.0053679999999999995
0.00039885044097900393	 5.759999999999999e-05	 0.005281599999999999
1028.0