0.0	9.0	0.001944	 0.006999999999999999
0.0009975433349609375	9.0	9.6e-05	 0.00532
0.0	9.0	4.8e-05	 0.005272
0.0	9.0	4.8e-05	 0.005272
0.0	9.0	4.8e-05	 0.005272
0.0	9.0	4.8e-05	 0.005272
0.0009968280792236328	9.0	4.8e-05	 0.005272
0.0	9.0	4.8e-05	 0.005272
0.0	9.0	4.8e-05	 0.005272
0.000997304916381836	9.0	4.8e-05	 0.005272
0.0	9.0	4.8e-05	 0.005272
0.0	9.0	4.8e-05	 0.005272
0.000997304916381836	9.0	4.8e-05	 0.005272
0.0	9.0	4.8e-05	 0.005272
0.0	9.0	4.8e-05	 0.005272
0.000997304916381836	9.0	4.8e-05	 0.005272
0.0	9.0	4.8e-05	 0.005272
0.0	9.0	4.8e-05	 0.005272
0.0	9.0	4.8e-05	 0.005272
0.0	9.0	4.8e-05	 0.005272
0.0009982585906982422	9.0	4.8e-05	 0.005272
0.0	9.0	4.8e-05	 0.005272
0.0009968280792236328	9.0	4.8e-05	 0.005272
0.0	9.0	4.8e-05	 0.005272
0.0	9.0	4.8e-05	 0.005272
0.0009970664978027344	9.0	4.8e-05	 0.005272
0.0	9.0	4.8e-05	 0.005272
0.0	9.0	4.8e-05	 0.005272
0.000997781753540039	9.0	4.8e-05	 0.005272
0.0	9.0	4.8e-05	 0.005272
0.0	9.0	4.8e-05	 0.005272
0.0009970664978027344	9.0	4.8e-05	 0.005272
0.0	9.0	4.8e-05	 0.005272
0.0010008811950683594	9.0	4.8e-05	 0.005272
0.0	9.0	4.8e-05	 0.005272
0.0	9.0	4.8e-05	 0.005272
0.0009937286376953125	9.0	4.8e-05	 0.005272
0.0	9.0	0.000112	 0.005272
0.0	9.0	0.000112	 0.005272
0.000997304916381836	9.0	0.000112	 0.005272
0.0	9.0	0.000112	 0.005272
0.0	9.0	0.000112	 0.005272
0.0009970664978027344	9.0	0.000112	 0.005272
0.0	9.0	0.000112	 0.005272
0.0	9.0	0.000112	 0.005272
0.000997304916381836	9.0	0.000112	 0.005272
0.0	9.0	0.000112	 0.005272
0.0	9.0	0.000112	 0.005272
0.0	9.0	0.000112	 0.005272
0.0	9.0	0.000112	 0.005272
0.0	 4.8e-05	 0.005272
0.0010008811950683594	 0.001944	 0.006999999999999999
0.0002991914749145508	 0.00010351999999999993	 0.00530752
9.0