0.0009970664978027344	133.0	0.001584	 0.006808
0.0	133.0	8.3e-05	 0.005272
0.000997304916381836	133.0	4.8e-05	 0.005272
0.0	133.0	4.8e-05	 0.005272
0.0010030269622802734	133.0	4.8e-05	 0.005272
0.0	133.0	4.8e-05	 0.005272
0.0	133.0	4.8e-05	 0.005272
0.0009920597076416016	133.0	4.8e-05	 0.005272
0.0	133.0	4.8e-05	 0.005272
0.0	133.0	4.8e-05	 0.005272
0.0009965896606445312	133.0	4.8e-05	 0.005272
0.0	133.0	4.8e-05	 0.005272
0.0	133.0	4.8e-05	 0.005272
0.0	133.0	4.8e-05	 0.005272
0.0	133.0	4.8e-05	 0.005272
0.0009975433349609375	133.0	4.8e-05	 0.005272
0.00099945068359375	133.0	4.8e-05	 0.005272
0.0	133.0	4.8e-05	 0.005272
0.0009958744049072266	133.0	4.8e-05	 0.005272
0.0	133.0	4.8e-05	 0.005272
0.0009970664978027344	133.0	4.8e-05	 0.005272
0.0	133.0	4.8e-05	 0.005272
0.0	133.0	4.8e-05	 0.005272
0.0009975433349609375	133.0	4.8e-05	 0.005272
0.0	133.0	4.8e-05	 0.005272
0.0009965896606445312	133.0	4.8e-05	 0.005272
0.0	133.0	4.8e-05	 0.005272
0.0009982585906982422	133.0	4.8e-05	 0.005272
0.0	133.0	4.8e-05	 0.005272
0.0	133.0	4.8e-05	 0.005272
0.0009963512420654297	133.0	4.8e-05	 0.005272
0.0	133.0	4.8e-05	 0.005272
0.0	133.0	4.8e-05	 0.005272
0.000997304916381836	133.0	4.8e-05	 0.005272
0.0	133.0	4.8e-05	 0.005272
0.0	133.0	4.8e-05	 0.005272
0.0009970664978027344	133.0	4.8e-05	 0.005272
0.0	133.0	4.8e-05	 0.005272
0.0	133.0	4.8e-05	 0.005272
0.000997304916381836	133.0	4.8e-05	 0.005272
0.0	133.0	4.8e-05	 0.005272
0.0	133.0	4.8e-05	 0.005272
0.0009975433349609375	133.0	4.8e-05	 0.005272
0.0	133.0	4.8e-05	 0.005272
0.0	133.0	4.8e-05	 0.005272
0.0009980201721191406	133.0	4.8e-05	 0.005272
0.0	133.0	4.8e-05	 0.005272
0.0	133.0	4.8e-05	 0.005272
0.0009965896606445312	133.0	4.8e-05	 0.005272
0.0	133.0	4.8e-05	 0.005272
0.0	 4.8e-05	 0.005272
0.0010030269622802734	 0.001584	 0.006808
0.0003789710998535156	 7.941999999999991e-05	 0.0053027199999999995
133.0