0.003988742828369141	207	0.001344	 0.089824
0.003989219665527344	207	0.001232	 0.089712
0.003988981246948242	207	0.001232	 0.089712
0.003989458084106445	207	0.001232	 0.089712
0.003989458084106445	207	0.001232	 0.089712
0.010970830917358398	207	0.001232	 0.089712
0.003989696502685547	207	0.001232	 0.089712
0.003988742828369141	207	0.001232	 0.089712
0.003989219665527344	207	0.001232	 0.089712
0.003989219665527344	207	0.001232	 0.089712
0.003988742828369141	 0.001232	 0.089712
0.010970830917358398	 0.001344	 0.089824
0.004687356948852539	 0.0012432000000000003	 0.0897232
207