0.13663291931152344	3459	0.001372	 1.060244
0.14162182807922363	3459	0.002252	 1.066169
0.13466143608093262	3459	0.001722	 1.060594
0.1366119384765625	3459	0.004128	 1.064384
0.14162111282348633	3459	0.001372	 1.060244
0.1376657485961914	3459	0.002252	 1.0643179999999999
0.15259051322937012	3459	0.001372	 1.060244
0.14461302757263184	3459	0.002254	 1.063497
0.13466191291809082	3459	0.001722	 1.060594
0.13561606407165527	3459	0.002263	 1.064386
0.13466143608093262	 0.001372	 1.060244
0.15259051322937012	 0.004128	 1.066169
0.13962965011596679	 0.0020709	 1.0624674
3459