0.0009970664978027344	17	0.5590379999999999	 0.6407419999999999
0.000997781753540039	17	0.001232	 0.015375999999999999
0.000997304916381836	17	0.001232	 0.015375999999999999
0.0009975433349609375	17	0.001232	 0.015375999999999999
0.0009968280792236328	17	0.001232	 0.015375999999999999
0.000997781753540039	17	0.001232	 0.015375999999999999
0.000997304916381836	17	0.001232	 0.015375999999999999
0.0009989738464355469	17	0.001232	 0.015375999999999999
0.0	17	0.001232	 0.015375999999999999
0.0009965896606445312	17	0.001344	 0.015488
0.0	 0.001232	 0.015375999999999999
0.0009989738464355469	 0.5590379999999999	 0.6407419999999999
0.0008977174758911133	 0.0570238	 0.07792379999999995
17