0.14461946487426758	1649	0.006997	 0.321536
0.24832439422607422	1649	0.006764	 0.32017599999999996
0.2652919292449951	1649	0.008444	 0.32006399999999996
0.1386260986328125	1649	0.006194	 0.31995799999999996
0.11968135833740234	1649	0.006847	 0.32006399999999996
0.11269664764404297	1649	0.007003	 0.32215099999999997
0.1356368064880371	1649	0.005585	 0.31981499999999996
0.11768579483032227	1649	0.00697	 0.32006399999999996
0.11469292640686035	1649	0.0058	 0.320112
0.1186838150024414	1649	0.005012	 0.32006399999999996
0.11269664764404297	 0.005012	 0.31981499999999996
0.2652919292449951	 0.008444	 0.32215099999999997
0.15159392356872559	 0.006561599999999999	 0.3204003999999999
1649