0.01695394515991211	868	0.006483999999999999	 0.122136
0.015998125076293945	868	0.005012	 0.120664
0.015915632247924805	868	0.016967	 0.120664
0.016953468322753906	868	0.005748	 0.121768
0.01596212387084961	868	0.006435	 0.120664
0.015956401824951172	868	0.005353999999999999	 0.120904
0.016951560974121094	868	0.005012	 0.120664
0.01695537567138672	868	0.005012	 0.120664
0.017464160919189453	868	0.005012	 0.120664
0.015957117080688477	868	0.005012	 0.120664
0.015915632247924805	 0.005012	 0.120664
0.017464160919189453	 0.016967	 0.122136
0.01650679111480713	 0.006604800000000001	 0.12094559999999999
868