0.006006479263305664	1473	0.0064199999999999995	 0.052992
0.0069580078125	1473	0.004948	 0.051519999999999996
0.007979393005371094	1473	0.004948	 0.051519999999999996
0.006983280181884766	1473	0.004948	 0.051519999999999996
0.007976770401000977	1473	0.004948	 0.051519999999999996
0.007012844085693359	1473	0.004948	 0.051519999999999996
0.00894474983215332	1473	0.004948	 0.051519999999999996
0.008005857467651367	1473	0.004948	 0.051519999999999996
0.010942935943603516	1473	0.004948	 0.051519999999999996
0.006981849670410156	1473	0.004948	 0.051519999999999996
0.006006479263305664	 0.004948	 0.051519999999999996
0.010942935943603516	 0.0064199999999999995	 0.052992
0.007779216766357422	 0.0050952	 0.0516672
1473