0.041426658630371094	45.0	0.00628	 0.65836
0.04385876655578613	45.0	0.005351	 0.657407
0.03789854049682617	45.0	0.0048319999999999995	 0.6568879999999999
0.04089021682739258	45.0	0.0048319999999999995	 0.6568879999999999
0.03989386558532715	45.0	0.0048319999999999995	 0.6568879999999999
0.03889656066894531	45.0	0.0048319999999999995	 0.6568879999999999
0.039923667907714844	45.0	0.009866999999999999	 0.6619229999999999
0.044846534729003906	45.0	0.006286	 0.65727
0.05086350440979004	45.0	0.0048319999999999995	 0.6568879999999999
0.03989362716674805	45.0	0.0048319999999999995	 0.6568879999999999
0.03789854049682617	 0.0048319999999999995	 0.6568879999999999
0.05086350440979004	 0.009866999999999999	 0.6619229999999999
0.041839194297790525	 0.0056776	 0.6576288
45.0