0.19890117645263672	11.0	0.006424	 0.65836
0.17102742195129395	11.0	0.0054399999999999995	 0.657312
0.06389093399047852	11.0	0.005	 0.6569999999999999
0.11200737953186035	11.0	0.004952	 0.6568879999999999
0.07800865173339844	11.0	0.007091999999999999	 0.658964
0.05498957633972168	11.0	0.006424	 0.658616
0.06533479690551758	11.0	0.0058709999999999995	 0.657064
0.07978391647338867	11.0	0.005103	 0.656975
0.168548583984375	11.0	0.0054399999999999995	 0.657312
0.1655561923980713	11.0	0.005	 0.6569999999999999
0.05498957633972168	 0.004952	 0.6568879999999999
0.19890117645263672	 0.007091999999999999	 0.658964
0.11580486297607422	 0.0056746	 0.6575491
11.0