0.041307926177978516	1683.0	0.00556	 0.6574
0.04587721824645996	1683.0	0.004856	 0.6568879999999999
0.04189181327819824	1683.0	0.004856	 0.6568879999999999
0.041884422302246094	1683.0	0.004856	 0.6568879999999999
0.040891170501708984	1683.0	0.004856	 0.6568879999999999
0.04091310501098633	1683.0	0.009434999999999999	 0.6616989999999999
0.048842430114746094	1683.0	0.006141	 0.656925
0.040921926498413086	1683.0	0.004856	 0.6568879999999999
0.044844627380371094	1683.0	0.004856	 0.6568879999999999
0.03890228271484375	1683.0	0.004856	 0.6568879999999999
0.03890228271484375	 0.004856	 0.6568879999999999
0.048842430114746094	 0.009434999999999999	 0.6616989999999999
0.042627692222595215	 0.0055128	 0.657424
1683.0