0.003992795944213867	7576.7	7.2e-05	 0.002208
0.0	7576.7	0.00011999999999999999	 0.0022559999999999998
0.0	7576.7	0.00011999999999999999	 0.0022559999999999998
0.0	7576.7	0.00011999999999999999	 0.0022559999999999998
0.000993967056274414	7576.7	0.00011999999999999999	 0.0022559999999999998
0.0	7576.7	0.00011999999999999999	 0.0022559999999999998
0.0	7576.7	0.00011999999999999999	 0.0022559999999999998
0.0	7576.7	0.00011999999999999999	 0.0022559999999999998
0.0	7576.7	0.00011999999999999999	 0.0022559999999999998
0.0	7576.7	0.00011999999999999999	 0.0022559999999999998
0.0	 7.2e-05	 0.002208
0.003992795944213867	 0.00011999999999999999	 0.0022559999999999998
0.0004986763000488281	 0.00011519999999999998	 0.0022512
7576.7