0.0009744167327880859	66.5	7.2e-05	 0.002208
0.0	66.5	0.00011999999999999999	 0.0022559999999999998
0.0	66.5	0.00011999999999999999	 0.0022559999999999998
0.0	66.5	0.00011999999999999999	 0.0022559999999999998
0.0	66.5	0.00011999999999999999	 0.0022559999999999998
0.0	66.5	0.00011999999999999999	 0.0022559999999999998
0.0009961128234863281	66.5	0.00011999999999999999	 0.0022559999999999998
0.0	66.5	0.00011999999999999999	 0.0022559999999999998
0.0	66.5	0.00011999999999999999	 0.00226
0.0	66.5	0.00011999999999999999	 0.0022559999999999998
0.0	 7.2e-05	 0.002208
0.0009961128234863281	 0.00011999999999999999	 0.00226
0.0001970529556274414	 0.00011519999999999998	 0.0022516000000000003
66.5