0.7853968143463135	2126	0.0006219999999999999	 0.022409
0.7695233821868896	1019	0.000674	 0.022833
0.7858967781066895	1316	0.000739	 0.022751999999999998
0.8423254489898682	3599	0.0006839999999999999	 0.022803999999999998
0.8228211402893066	1428	0.000567	 0.022427
0.8723571300506592	2333	0.0006219999999999999	 0.022848
0.810793399810791	2317	0.0006219999999999999	 0.022688
1.021174669265747	1030	0.000629	 0.022469
1.1708879470825195	2868	0.000629	 0.02213
0.8801658153533936	871	0.000732	 0.022743
0.7695233821868896	 0.000567	 0.02213
1.1708879470825195	 0.000739	 0.022848
0.8761342525482178	 0.000652	 0.0226103
2126