0.04986166954040527	2179	2.8e-05	 0.0053879999999999996
0.0498661994934082	821	0.002822	 0.010761999999999999
0.049897193908691406	1928	0.000545	 0.0065309999999999995
0.05083417892456055	539	2.8e-05	 0.00536
0.048894643783569336	1134	2.8e-05	 0.0053879999999999996
0.04989171028137207	1892	2.8e-05	 0.0053879999999999996
0.04889845848083496	412	2.8e-05	 0.00536
0.047884225845336914	1170	0.002192	 0.009498
0.05185246467590332	2255	2.8e-05	 0.0053879999999999996
0.0469059944152832	1441	2.8e-05	 0.0053879999999999996
0.0469059944152832	 2.8e-05	 0.00536
0.05185246467590332	 0.002822	 0.010761999999999999
0.049478673934936525	 0.0005755	 0.0064451
2179