0.01601696014404297	487	2.8e-05	 0.002832
0.019015073776245117	500	2.8e-05	 0.002832
0.012985706329345703	893	2.8e-05	 0.002832
0.01207423210144043	1549	2.8e-05	 0.0028599999999999997
0.012960433959960938	1263	2.8e-05	 0.0028599999999999997
0.015014171600341797	824	2.8e-05	 0.002832
0.016956567764282227	330	2.8e-05	 0.002832
0.015036344528198242	513	0.006769	 0.010435999999999999
0.015006303787231445	1090	0.000995	 0.0038269999999999997
0.014957904815673828	931	0.000545	 0.004247
0.01207423210144043	 2.8e-05	 0.002832
0.019015073776245117	 0.006769	 0.010435999999999999
0.01500236988067627	 0.0008505	 0.003839
487