0.028921127319335938	90	0.0019199999999999998	 0.101672
0.02991938591003418	90	0.00047999999999999996	 0.100232
0.024933576583862305	90	0.00047999999999999996	 0.100232
0.022938251495361328	90	0.000288	 0.10003999999999999
0.02293872833251953	90	4.8e-05	 0.0998
0.022938251495361328	90	4.8e-05	 0.0998
0.021941661834716797	90	4.8e-05	 0.0998
0.021941184997558594	90	4.8e-05	 0.0998
0.02293872833251953	90	0.0050929999999999994	 0.10503799999999999
0.02293848991394043	90	0.001152	 0.100904
0.021941184997558594	 4.8e-05	 0.0998
0.02991938591003418	 0.0050929999999999994	 0.10503799999999999
0.024234938621520995	 0.0009604999999999999	 0.1007318
90