0.0	37	0.003072	 0.0062239999999999995
0.0009963512420654297	37	0.002224	 0.005656
0.0	37	0.002224	 0.005656
0.0009970664978027344	37	0.002224	 0.005656
0.0	37	0.002224	 0.005656
0.000997304916381836	37	0.002224	 0.005656
0.0	37	0.002224	 0.005656
0.0009975433349609375	37	0.000544	 0.005656
0.000997781753540039	37	0.000544	 0.005656
0.0	37	0.000544	 0.005656
0.0	 0.000544	 0.005656
0.000997781753540039	 0.003072	 0.0062239999999999995
0.0004986047744750977	 0.0018047999999999999	 0.0057128000000000005
37