0.0009889602661132812	43	0.0019199999999999998	 0.01432
0.0019948482513427734	43	0.00047999999999999996	 0.012879999999999999
0.002000093460083008	43	0.00047999999999999996	 0.012879999999999999
0.0009868144989013672	43	0.00047999999999999996	 0.012879999999999999
0.0031609535217285156	43	0.00047999999999999996	 0.012879999999999999
0.0019834041595458984	43	0.00047999999999999996	 0.012879999999999999
0.000997304916381836	43	0.00047999999999999996	 0.012879999999999999
0.0009975433349609375	43	0.00047999999999999996	 0.012879999999999999
0.0009965896606445312	43	0.00047999999999999996	 0.012879999999999999
0.0019953250885009766	43	0.00047999999999999996	 0.012879999999999999
0.0009868144989013672	 0.00047999999999999996	 0.012879999999999999
0.0031609535217285156	 0.0019199999999999998	 0.01432
0.0016101837158203126	 0.0006239999999999998	 0.013023999999999999
43