0.28623509407043457	1829	0.008052	 1.258724
0.3101692199707031	1829	0.005196	 1.2538399999999998
0.4830586910247803	1829	0.005196	 1.250824
0.5979654788970947	1829	0.005196	 1.250824
0.584965705871582	1829	0.005196	 1.250824
0.3276524543762207	1829	0.005196	 1.252686
0.33114123344421387	1829	0.005141	 1.253838
0.5310764312744141	1829	0.005134	 1.250762
0.33510851860046387	1829	0.005196	 1.252905
0.5989124774932861	1829	0.005196	 1.250824
0.28623509407043457	 0.005134	 1.250762
0.5989124774932861	 0.008052	 1.258724
0.4386285305023193	 0.0054699	 1.2526050999999998
1829