0.6249158382415771	4500	0.0117	 2.318832
0.5913670063018799	4500	0.007994	 2.313094
0.6604442596435547	4500	0.007884	 2.31316
0.5552301406860352	4500	0.007932	 2.3130319999999998
0.5769314765930176	4500	0.007884	 2.3129839999999997
0.583998441696167	4500	0.007821999999999999	 2.313098
0.6303441524505615	4500	0.007932	 2.3130319999999998
0.5730109214782715	4500	0.007884	 2.31316
0.5455191135406494	4500	0.007821999999999999	 2.312922
0.5556695461273193	4500	0.007994	 2.313094
0.5455191135406494	 0.007821999999999999	 2.312922
0.6604442596435547	 0.0117	 2.318832
0.5897430896759033	 0.008284799999999998	 2.3136408
4500