7.643976211547852	28890	0.011812	 13.881639999999999
7.7817089557647705	28890	0.007996	 13.875967999999999
8.258833885192871	28890	0.008106	 13.875902
7.150634765625	28890	0.007996	 13.875967999999999
6.738629102706909	28890	0.007996	 13.875967999999999
6.84920597076416	28890	0.008106	 13.875902
6.996194362640381	28890	0.008106	 13.875902
6.827630281448364	28890	0.008050999999999999	 13.875846999999998
7.801929235458374	28890	0.007996	 13.875967999999999
9.130451202392578	28890	0.007996	 13.875967999999999
6.738629102706909	 0.007996	 13.875846999999998
9.130451202392578	 0.011812	 13.881639999999999
7.517919397354126	 0.008416100000000001	 13.8765033
28890