0.7529585361480713	9147	6.133979999999999	 6.621048
0.5552282333374023	9147	6.112553999999999	 6.599622
0.42430830001831055	9147	6.112553999999999	 6.599622
0.36960697174072266	9147	6.1126119999999995	 6.601675999999999
0.38148999214172363	9147	6.1126119999999995	 6.601686
0.41788196563720703	9147	6.1126119999999995	 6.601677
0.4798896312713623	9147	6.1126119999999995	 6.601677
0.5153629779815674	9147	6.1126119999999995	 6.599679999999999
0.44551873207092285	9147	6.112499	 6.601627
0.6805951595306396	9147	6.1126119999999995	 6.599679999999999
0.36960697174072266	 6.112499	 6.599622
0.7529585361480713	 6.133979999999999	 6.621048
0.502284049987793	 6.114725899999999	 6.602799500000001
9147