1.6102209091186523	11238	14.209235999999999	 14.214044
1.5032286643981934	11238	14.16559	 14.170397999999999
1.3021283149719238	11238	14.165707	 14.170515
1.4048199653625488	11238	14.165427999999999	 14.170236
1.401404619216919	11238	14.165652	 14.170459999999999
1.2763290405273438	11238	14.16559	 14.170397999999999
1.3513963222503662	11238	14.165761999999999	 14.17057
1.3279504776000977	11238	14.165707	 14.170515
1.4721357822418213	11238	14.165707	 14.170515
1.3509690761566162	11238	14.165427999999999	 14.170236
1.2763290405273438	 14.165427999999999	 14.170236
1.6102209091186523	 14.209235999999999	 14.214044
1.4000583171844483	 14.1699807	 14.174788699999999
11238