48.528764486312866	28857	129.752842	 129.903638
41.19650411605835	28857	129.778041	 129.928837
38.94772934913635	28857	129.778158	 129.928954
41.09276747703552	28857	129.778096	 129.928892
40.24012327194214	28857	129.77782399999998	 129.92862
39.09579586982727	28857	129.778103	 129.928899
43.4243369102478	28857	129.77782399999998	 129.92862
39.59979557991028	28857	129.77782399999998	 129.92862
42.08232879638672	28857	129.777707	 129.928503
39.93145132064819	28857	129.778158	 129.928954
38.94772934913635	 129.752842	 129.903638
48.528764486312866	 129.778158	 129.928954
41.41395971775055	 129.7754577	 129.92625370000002
28857