0.0	3899.498	0.0	 0.0007279999999999999
0.0	3899.498	0.0	 0.0007279999999999999
0.0	3899.498	0.0	 0.0007279999999999999
0.0010006427764892578	3899.498	0.0	 0.0007279999999999999
0.0	3899.498	0.0	 0.0007279999999999999
0.0	3899.498	0.0	 0.0007279999999999999
0.0	3899.498	0.0	 0.0007279999999999999
0.0	3899.498	0.0	 0.0007279999999999999
0.0	3899.498	0.0	 0.0007279999999999999
0.0	3899.498	0.0	 0.0007279999999999999
0.0	 0.0	 0.0007279999999999999
0.0010006427764892578	 0.0	 0.0007279999999999999
0.00010006427764892578	 0.0	 0.0007279999999999998
3899.498