0.2902240753173828	0	0.001697	 0.022872999999999998
0.3540520668029785	0	0.00164	 0.022900999999999998
0.4183919429779053	0	0.00164	 0.023594999999999998
0.44658446311950684	0	0.001696	 0.023
0.3151559829711914	0	0.001584	 0.023306999999999998
0.3121650218963623	0	0.001696	 0.022956999999999998
0.27825474739074707	0	0.001808	 0.023341
0.3441345691680908	0	0.001584	 0.023334999999999998
0.32088232040405273	0	0.003512	 0.023696
0.2957167625427246	0	0.0017989999999999998	 0.023771999999999998
0.27825474739074707	 0.001584	 0.022872999999999998
0.44658446311950684	 0.003512	 0.023771999999999998
0.33755619525909425	 0.0018655999999999998	 0.023277699999999995
0