0.2463693618774414	0	0.0036339999999999996	 0.023434
0.24834108352661133	0	0.0026	 0.023850999999999997
0.2542850971221924	0	0.001501	 0.021551999999999998
0.2583317756652832	0	0.0017519999999999999	 0.022841
0.2747504711151123	0	0.001694	 0.023570999999999998
0.27628350257873535	0	0.00164	 0.023035
0.2513270378112793	0	0.002588	 0.023794
0.25171566009521484	0	0.002642	 0.023984
0.28523731231689453	0	0.00178	 0.022012
0.24933266639709473	0	0.0017519999999999999	 0.023188999999999998
0.2463693618774414	 0.001501	 0.021551999999999998
0.28523731231689453	 0.0036339999999999996	 0.023984
0.2595973968505859	 0.0021582999999999997	 0.0231263
0