0.019948959350585938	9952.0	0.0059039999999999995	 0.324576
0.01894688606262207	9952.0	0.002672	 0.32006399999999996
0.021942138671875	9952.0	0.002672	 0.32006399999999996
0.019968032836914062	9952.0	0.002672	 0.32006399999999996
0.019924163818359375	9952.0	0.002672	 0.32006399999999996
0.01894974708557129	9952.0	0.002672	 0.32006399999999996
0.0219419002532959	9952.0	0.002672	 0.32006399999999996
0.019951343536376953	9952.0	0.002672	 0.32006399999999996
0.019947052001953125	9952.0	0.002672	 0.32006399999999996
0.01994633674621582	9952.0	0.002672	 0.32006399999999996
0.01894688606262207	 0.002672	 0.32006399999999996
0.021942138671875	 0.0059039999999999995	 0.324576
0.020146656036376952	 0.002995200000000001	 0.3205151999999999
9952.0