0.00797724723815918	4544.0	0.0059039999999999995	 0.12517599999999998
0.005983829498291016	4544.0	0.002672	 0.120664
0.00797891616821289	4544.0	0.002672	 0.120664
0.00797891616821289	4544.0	0.002672	 0.120664
0.006981372833251953	4544.0	0.002672	 0.120664
0.007004499435424805	4544.0	0.002672	 0.120664
0.006974935531616211	4544.0	0.002672	 0.120664
0.006966829299926758	4544.0	0.002672	 0.120664
0.008974790573120117	4544.0	0.002672	 0.120664
0.007977962493896484	4544.0	0.002672	 0.120664
0.005983829498291016	 0.002672	 0.120664
0.008974790573120117	 0.0059039999999999995	 0.12517599999999998
0.00747992992401123	 0.002995200000000001	 0.12111519999999998
4544.0