0.006492137908935547	2983.0	0.0059039999999999995	 0.056032
0.007490873336791992	2983.0	0.002672	 0.051519999999999996
0.007071256637573242	2983.0	0.002672	 0.051519999999999996
0.009969472885131836	2983.0	0.002672	 0.051519999999999996
0.003987789154052734	2983.0	0.002672	 0.051519999999999996
0.009979963302612305	2983.0	0.002672	 0.051519999999999996
0.0065000057220458984	2983.0	0.002672	 0.051519999999999996
0.0039825439453125	2983.0	0.002672	 0.051519999999999996
0.008989810943603516	2983.0	0.002672	 0.051519999999999996
0.004972696304321289	2983.0	0.002672	 0.051519999999999996
0.0039825439453125	 0.002672	 0.051519999999999996
0.009979963302612305	 0.0059039999999999995	 0.056032
0.006943655014038086	 0.002995200000000001	 0.05197120000000001
2983.0