0.007978439331054688	869	0.006356	 0.052992
0.010970354080200195	869	0.0048839999999999995	 0.051519999999999996
0.007978677749633789	869	0.0048839999999999995	 0.051519999999999996
0.007978439331054688	869	0.0048839999999999995	 0.051519999999999996
0.006981849670410156	869	0.0048839999999999995	 0.051519999999999996
0.007968902587890625	869	0.0048839999999999995	 0.051519999999999996
0.007975101470947266	869	0.0048839999999999995	 0.051519999999999996
0.009971857070922852	869	0.0048839999999999995	 0.051519999999999996
0.0079803466796875	869	0.0048839999999999995	 0.051519999999999996
0.007977962493896484	869	0.0048839999999999995	 0.051519999999999996
0.006981849670410156	 0.0048839999999999995	 0.051519999999999996
0.010970354080200195	 0.006356	 0.052992
0.008376193046569825	 0.0050311999999999996	 0.0516672
869