0.007978200912475586	7	0.0055899999999999995	 0.051552
0.006981849670410156	7	0.00496	 0.051519999999999996
0.006981849670410156	7	0.00496	 0.051519999999999996
0.005983114242553711	7	0.00496	 0.051519999999999996
0.006171464920043945	7	0.00496	 0.051519999999999996
0.014959096908569336	7	0.00496	 0.051519999999999996
0.008985519409179688	7	0.00496	 0.051519999999999996
0.008978605270385742	7	0.00496	 0.051519999999999996
0.02094554901123047	7	0.005562	 0.051519999999999996
0.007968425750732422	7	0.00496	 0.051519999999999996
0.005983114242553711	 0.00496	 0.051519999999999996
0.02094554901123047	 0.0055899999999999995	 0.051552
0.009593367576599121	 0.0050831999999999995	 0.051523200000000005
7