5.882880210876465	1222	0.0006219999999999999	 0.048775
7.7108001708984375	1475	0.000677	 0.049221
6.827700138092041	141	0.000601	 0.048773
6.2772111892700195	1968	0.000739	 0.049283
5.713113307952881	1415	0.000629	 0.048829
5.646587371826172	1006	0.000739	 0.049256999999999995
5.61974310874939	62	0.000656	 0.048663
6.4537529945373535	577	0.000794	 0.049222999999999996
5.443802118301392	869	0.0006839999999999999	 0.048851
5.620097637176514	744	0.000739	 0.049253
5.443802118301392	 0.000601	 0.048663
7.7108001708984375	 0.000794	 0.049283
6.119568824768066	 0.000688	 0.049012799999999995
1222