5.70625638961792	45	0.000594	 0.048778999999999996
6.275754690170288	139	0.0005909999999999999	 0.049106
5.719089508056641	135	0.000649	 0.049198
6.123056411743164	97	0.000704	 0.048938999999999996
5.760828018188477	103	0.0005909999999999999	 0.049647
5.873840570449829	29	0.000594	 0.048795
6.026543617248535	121	0.000646	 0.048851
5.8245556354522705	104	0.000649	 0.049144
5.836136102676392	36	0.000536	 0.048713
5.733689069747925	107	0.0005909999999999999	 0.049111999999999996
5.70625638961792	 0.000536	 0.048713
6.275754690170288	 0.000704	 0.049647
5.887975001335144	 0.0006144999999999999	 0.04902839999999999
45