6.749504327774048	5	0.000656	 0.048750999999999996
6.2624523639678955	12	0.000766	 0.049219
5.82838249206543	12	0.000766	 0.048531
5.714538097381592	10	0.000704	 0.049194999999999996
8.464392185211182	12	0.0007109999999999999	 0.049221
6.025433301925659	7	0.000594	 0.048660999999999996
6.810946226119995	5	0.000649	 0.049164
8.540962934494019	10	0.000594	 0.050098
8.014674186706543	10	0.000539	 0.048795
5.781982660293579	17	0.0007109999999999999	 0.049197
5.714538097381592	 0.000539	 0.048531
8.540962934494019	 0.000766	 0.050098
6.819326877593994	 0.000669	 0.049083199999999994
5