0.8971836566925049	98	1.499196	 1.802948
0.719092845916748	98	1.524228	 1.82798
0.7407667636871338	98	1.524228	 1.82798
0.6409881114959717	98	1.524228	 1.82798
0.8493084907531738	98	1.524173	 1.827925
0.7216761112213135	98	1.524166	 1.827918
0.8060991764068604	98	1.524228	 1.82798
0.8988606929779053	98	1.52417	 1.8279219999999998
0.4709184169769287	98	1.524166	 1.827918
0.4917001724243164	98	1.524228	 1.82798
0.4709184169769287	 1.499196	 1.802948
0.8988606929779053	 1.524228	 1.82798
0.7236594438552857	 1.5217011	 1.8254531
98