5.036847114562988	2358	12.996732999999999	 15.061921
4.587238311767578	2358	13.02221	 15.087397999999999
5.146716833114624	2358	13.022152	 15.08734
4.9810638427734375	2358	13.021821	 15.087009
4.249332666397095	2358	13.021821	 15.087009
4.08718466758728	2358	13.022093	 15.087280999999999
4.174092769622803	2358	13.02221	 15.087397999999999
4.1959898471832275	2358	13.022093	 15.087280999999999
4.939436674118042	2358	13.022155	 15.087342999999999
5.186968803405762	2358	13.022155	 15.087342999999999
4.08718466758728	 12.996732999999999	 15.061921
5.186968803405762	 13.02221	 15.087397999999999
4.658487153053284	 13.019544300000002	 15.084732299999999
2358