47.20030903816223	28823	116.913196	 117.652504
48.10441732406616	28823	116.93861799999999	 117.677926
50.21234059333801	28823	116.93861799999999	 117.677926
50.81762075424194	28823	116.93861799999999	 117.677926
52.9209144115448	28823	116.938222	 117.67752999999999
49.01128077507019	28823	116.93856299999999	 117.677871
56.91563320159912	28823	116.93856299999999	 117.677871
52.46634554862976	28823	116.93856299999999	 117.677871
52.37830471992493	28823	116.93861799999999	 117.677926
50.582329750061035	28823	116.938284	 117.67759199999999
47.20030903816223	 116.913196	 117.652504
56.91563320159912	 116.93861799999999	 117.677926
51.060949611663816	 116.9359863	 117.67529429999999
28823