34.52648568153381	54503	0.005135	 55.417679
36.79216408729553	54503	0.005332	 55.413844
34.523876428604126	54503	0.005277	 55.413900999999996
34.06852459907532	54503	0.005332	 55.413844
33.04428267478943	54503	0.005443	 55.413899
34.787691831588745	54503	0.005497999999999999	 55.413954
32.76549172401428	54503	0.005506	 55.414018
32.178772926330566	54503	0.005507	 55.413962999999995
31.986391305923462	54503	0.005451999999999999	 55.413908
33.13982629776001	54503	0.005451	 55.413962999999995
31.986391305923462	 0.005135	 55.413844
36.79216408729553	 0.005507	 55.417679
33.78135075569153	 0.005393299999999999	 55.4142973
54503