7.7150678634643555	28857	0.005271	 13.722902999999999
7.698031663894653	28857	0.005382	 13.718926
7.298186779022217	28857	0.005554	 13.718986
7.7236082553863525	28857	0.005501	 13.718933
7.747884035110474	28857	0.005444	 13.718988
7.6878275871276855	28857	0.005444	 13.718988
7.337666273117065	28857	0.005389	 13.718933
7.463368892669678	28857	0.005382	 13.718926
7.116220235824585	28857	0.005562999999999999	 13.718995
6.935338258743286	28857	0.005618	 13.71905
6.935338258743286	 0.005271	 13.718926
7.747884035110474	 0.005618	 13.722902999999999
7.4723199844360355	 0.005454799999999999	 13.719362799999999
28857