0.2872331142425537	9147	0.004951	 1.2901749999999998
0.2549302577972412	9147	0.004183	 1.2895619999999999
0.27461910247802734	9147	0.0024649999999999997	 1.2899349999999998
0.271273136138916	9147	0.003173	 1.289853
0.2762603759765625	9147	0.004281	 1.2899129999999999
0.2752645015716553	9147	0.004239	 1.289534
0.2742927074432373	9147	0.0032029999999999997	 1.2898589999999999
0.2732827663421631	9147	0.004131999999999999	 1.289588
0.2770957946777344	9147	0.004142	 1.289883
0.26778221130371094	9147	0.003316	 1.289972
0.2549302577972412	 0.0024649999999999997	 1.289534
0.2872331142425537	 0.004951	 1.2901749999999998
0.2732033967971802	 0.0038085000000000003	 1.2898273999999998
9147