0.7439980506896973	11238	0.005215	 2.283571
0.7579958438873291	11238	0.005332	 2.279992
0.5889639854431152	11238	0.005332	 2.279992
0.6262950897216797	11238	0.005451	 2.279999
0.5820431709289551	11238	0.005098999999999999	 2.279759
0.574446439743042	11238	0.0052699999999999995	 2.27993
0.6782431602478027	11238	0.005396	 2.279944
0.7628905773162842	11238	0.005332	 2.279992
0.5395560264587402	11238	0.0052699999999999995	 2.27993
0.5774803161621094	11238	0.005332	 2.279992
0.5395560264587402	 0.005098999999999999	 2.279759
0.7628905773162842	 0.005451	 2.283571
0.6431912660598755	 0.005302899999999999	 2.2803101000000003
11238