0.0009996891021728516	17.0	0.00047999999999999996	 0.005656
0.0	17.0	0.00047999999999999996	 0.005656
0.0011229515075683594	17.0	0.00047999999999999996	 0.005656
0.0009500980377197266	17.0	0.00047999999999999996	 0.005656
0.0	17.0	0.00047999999999999996	 0.005656
0.0009951591491699219	17.0	0.00047999999999999996	 0.005656
0.0	17.0	0.00047999999999999996	 0.005656
0.0	17.0	0.00047999999999999996	 0.005656
0.0009970664978027344	17.0	0.00047999999999999996	 0.005656
0.0	17.0	0.00047999999999999996	 0.005656
0.0	 0.00047999999999999996	 0.005656
0.0011229515075683594	 0.00047999999999999996	 0.005656
0.0005064964294433594	 0.00047999999999999985	 0.0056560000000000004
17.0