0.0	197.0	0.0019199999999999998	 0.007096
0.0	197.0	0.00047999999999999996	 0.005656
0.0010280609130859375	197.0	0.00047999999999999996	 0.005656
0.0	197.0	0.00047999999999999996	 0.005656
0.000989675521850586	197.0	0.00047999999999999996	 0.005656
0.0	197.0	0.00047999999999999996	 0.005656
0.0	197.0	0.00047999999999999996	 0.005656
0.0009963512420654297	197.0	0.00047999999999999996	 0.005656
0.0	197.0	0.00047999999999999996	 0.005656
0.0	197.0	0.00047999999999999996	 0.005656
0.0	 0.00047999999999999996	 0.005656
0.0010280609130859375	 0.0019199999999999998	 0.007096
0.0003014087677001953	 0.0006239999999999998	 0.005800000000000001
197.0