0.0030205249786376953	515.0	0.00424	 0.052992
0.0039615631103515625	515.0	0.002768	 0.051519999999999996
0.003989458084106445	515.0	0.002768	 0.051519999999999996
0.0040187835693359375	515.0	0.002768	 0.051519999999999996
0.0039882659912109375	515.0	0.002768	 0.051519999999999996
0.004958152770996094	515.0	0.002768	 0.051519999999999996
0.004012584686279297	515.0	0.002768	 0.051519999999999996
0.003964662551879883	515.0	0.002768	 0.051519999999999996
0.0030219554901123047	515.0	0.002768	 0.051519999999999996
0.0029914379119873047	515.0	0.002768	 0.051519999999999996
0.0029914379119873047	 0.002768	 0.051519999999999996
0.004958152770996094	 0.00424	 0.052992
0.003792738914489746	 0.0029151999999999997	 0.0516672
515.0