0.003960847854614258	100.0	0.00424	 0.052992
0.00401759147644043	100.0	0.002768	 0.051519999999999996
0.002993345260620117	100.0	0.002768	 0.051519999999999996
0.004987001419067383	100.0	0.002768	 0.051519999999999996
0.002992868423461914	100.0	0.002768	 0.051519999999999996
0.004957914352416992	100.0	0.002768	 0.051519999999999996
0.004016876220703125	100.0	0.002768	 0.051519999999999996
0.0029916763305664062	100.0	0.002768	 0.051519999999999996
0.003960132598876953	100.0	0.002768	 0.051519999999999996
0.003021717071533203	100.0	0.002768	 0.051519999999999996
0.0029916763305664062	 0.002768	 0.051519999999999996
0.004987001419067383	 0.00424	 0.052992
0.003789997100830078	 0.0029151999999999997	 0.0516672
100.0