0.00498652458190918	26.0	0.00424	 0.052992
0.00399017333984375	26.0	0.002768	 0.051519999999999996
0.002990245819091797	26.0	0.002768	 0.051519999999999996
0.00399017333984375	26.0	0.002768	 0.051519999999999996
0.0029914379119873047	26.0	0.002768	 0.051519999999999996
0.0044956207275390625	26.0	0.002768	 0.051519999999999996
0.005986928939819336	26.0	0.002768	 0.051519999999999996
0.009973764419555664	26.0	0.002768	 0.051519999999999996
0.008970975875854492	26.0	0.002768	 0.051519999999999996
0.006982326507568359	26.0	0.002768	 0.051519999999999996
0.002990245819091797	 0.002768	 0.051519999999999996
0.009973764419555664	 0.00424	 0.052992
0.00553581714630127	 0.0029151999999999997	 0.0516672
26.0