0.02991318702697754	1502	0.0009559999999999999	 0.11219599999999999
0.024927854537963867	1502	2.8e-05	 0.11126799999999999
0.025439739227294922	1502	2.8e-05	 0.11126799999999999
0.024933576583862305	1502	2.8e-05	 0.11126799999999999
0.029926061630249023	1502	0.0005989999999999999	 0.111839
0.024926424026489258	1502	2.8e-05	 0.11126799999999999
0.022942066192626953	1502	2.8e-05	 0.11126799999999999
0.024933338165283203	1502	2.8e-05	 0.11126799999999999
0.02297496795654297	1502	2.8e-05	 0.11126799999999999
0.023932695388793945	1502	0.005227	 0.11737199999999999
0.022942066192626953	 2.8e-05	 0.11126799999999999
0.029926061630249023	 0.005227	 0.11737199999999999
0.0254849910736084	 0.0006977999999999999	 0.11202830000000001
1502