0.000995635986328125	138	0.000336	 0.01032
0.0009980201721191406	138	0.0	 0.009984
0.0009984970092773438	138	0.0	 0.009984
0.0009965896606445312	138	0.0	 0.009984
0.0019943714141845703	138	0.0	 0.009984
0.0009996891021728516	138	0.0	 0.009984
0.002990245819091797	138	0.0	 0.009984
0.000993967056274414	138	0.0	 0.009984
0.001992464065551758	138	0.0	 0.009984
0.0010027885437011719	138	0.0	 0.009984
0.000993967056274414	 0.0	 0.009984
0.002990245819091797	 0.000336	 0.01032
0.0013962268829345703	 3.36e-05	 0.010017599999999998
138