0.00797724723815918	3285.0	0.004144	 0.122136
0.0069806575775146484	3285.0	0.002672	 0.120664
0.006981372833251953	3285.0	0.002672	 0.120664
0.007978439331054688	3285.0	0.002672	 0.120664
0.005983591079711914	3285.0	0.002672	 0.120664
0.007979869842529297	3285.0	0.010171	 0.120664
0.006980180740356445	3285.0	0.003776	 0.121768
0.006982326507568359	3285.0	0.002672	 0.120664
0.007977724075317383	3285.0	0.00248	 0.119944
0.006982564926147461	3285.0	0.002672	 0.120664
0.005983591079711914	 0.00248	 0.119944
0.007979869842529297	 0.010171	 0.122136
0.007280397415161133	 0.0036603000000000004	 0.12084959999999997
3285.0