0.006982088088989258	2515.0	0.004144	 0.052992
0.00401759147644043	2515.0	0.002672	 0.051519999999999996
0.009542465209960938	2515.0	0.002672	 0.051519999999999996
0.0045015811920166016	2515.0	0.002672	 0.051519999999999996
0.002991914749145508	2515.0	0.002672	 0.051519999999999996
0.003989458084106445	2515.0	0.002672	 0.051519999999999996
0.004987955093383789	2515.0	0.002672	 0.051519999999999996
0.0049855709075927734	2515.0	0.002672	 0.051519999999999996
0.002991914749145508	2515.0	0.002672	 0.051519999999999996
0.003989219665527344	2515.0	0.002672	 0.051519999999999996
0.002991914749145508	 0.002672	 0.051519999999999996
0.009542465209960938	 0.004144	 0.052992
0.004897975921630859	 0.0028192000000000004	 0.0516672
2515.0