0.022936582565307617	7936.0	0.010411	 0.327803
0.018952131271362305	7936.0	0.002608	 0.32
0.027925491333007812	7936.0	0.002672	 0.32006399999999996
0.019946575164794922	7936.0	0.002672	 0.32006399999999996
0.018948078155517578	7936.0	0.002672	 0.32006399999999996
0.017953157424926758	7936.0	0.002672	 0.32006399999999996
0.018947601318359375	7936.0	0.002672	 0.32006399999999996
0.019947290420532227	7936.0	0.002672	 0.32006399999999996
0.02094435691833496	7936.0	0.002672	 0.32006399999999996
0.019954919815063477	7936.0	0.002672	 0.32006399999999996
0.017953157424926758	 0.002608	 0.32
0.027925491333007812	 0.010411	 0.327803
0.020645618438720703	 0.0034395000000000003	 0.32083149999999994
7936.0