33.225096225738525	0	0.010712	 0.200153
30.01798439025879	0	0.005385	 0.194261
30.209169149398804	0	0.005497	 0.19486099999999998
30.49640130996704	0	0.005718	 0.19538999999999998
30.37570095062256	0	0.005336	 0.194796
30.30004906654358	0	0.005502	 0.19460999999999998
31.562642335891724	0	0.005614	 0.194594
32.14498972892761	0	0.005614	 0.19456199999999998
31.12120032310486	0	0.005219	 0.194683
30.343831062316895	0	0.005502	 0.19400199999999998
30.01798439025879	 0.005219	 0.19400199999999998
33.225096225738525	 0.010712	 0.200153
30.97970645427704	 0.0060099	 0.19519119999999995
0