37.12341785430908	0	0.005447	 0.19986099999999998
36.9153208732605	0	0.005614	 0.19551
39.35988211631775	0	0.005389	 0.19412
34.940178871154785	0	0.005392	 0.193444
37.36425971984863	0	0.005447	 0.19413899999999998
35.2096049785614	0	0.005392	 0.19400399999999998
34.41923975944519	0	0.005392	 0.194564
33.36833333969116	0	0.005336	 0.19405999999999998
33.92135286331177	0	0.005559	 0.19439499999999998
33.817009687423706	0	0.005614	 0.194402
33.36833333969116	 0.005336	 0.193444
39.35988211631775	 0.005614	 0.19986099999999998
35.643860006332396	 0.005458200000000001	 0.19484989999999996
0