0.10671305656433105	0	0.000816	 0.005208
0.07679486274719238	0	0.0007599999999999999	 0.0051519999999999995
0.07380509376525879	17	0.001624	 0.008527
0.06382942199707031	14	0.0009119999999999999	 0.005208
0.055848121643066406	0	0.0007599999999999999	 0.0051519999999999995
0.052858591079711914	17	0.000824	 0.0051519999999999995
0.06732773780822754	0	0.001584	 0.00793
0.06682062149047852	0	0.000816	 0.005208
0.06894850730895996	0	0.0007599999999999999	 0.0051519999999999995
0.1010279655456543	17	0.004183	 0.008327
0.052858591079711914	 0.0007599999999999999	 0.0051519999999999995
0.10671305656433105	 0.004183	 0.008527
0.07339739799499512	 0.0013039000000000002	 0.0061015999999999996
0