0.03989243507385254	143	0.000968	 0.005264
0.03690147399902344	197	0.000856	 0.005064
0.03991580009460449	172	0.000856	 0.0051519999999999995
0.03889632225036621	197	0.000856	 0.005064
0.04288625717163086	197	0.000856	 0.0051519999999999995
0.039869070053100586	197	0.004823	 0.009063
0.039916276931762695	197	0.001751	 0.005927
0.04784893989562988	197	0.001485	 0.005717
0.0429079532623291	197	0.000856	 0.0051519999999999995
0.0408940315246582	128	0.000856	 0.0051519999999999995
0.03690147399902344	 0.000856	 0.005064
0.04784893989562988	 0.004823	 0.009063
0.0409928560256958	 0.0014163	 0.005670699999999999
143