0.04290938377380371	3715	0.000968	 0.005128
0.042862653732299805	3715	0.000856	 0.005064
0.04188823699951172	3413	0.000856	 0.0051519999999999995
0.04191017150878906	3715	0.000856	 0.005064
0.0428922176361084	3715	0.000856	 0.005064
0.042886972427368164	3413	0.003998	 0.009023
0.045879364013671875	3715	0.0009119999999999999	 0.0051199999999999996
0.04490208625793457	3715	0.000824	 0.005064
0.04288530349731445	3413	0.000824	 0.005064
0.04288482666015625	3715	0.000856	 0.005088
0.04188823699951172	 0.000824	 0.005064
0.045879364013671875	 0.003998	 0.009023
0.0431901216506958	 0.0011806	 0.005483099999999999
3715