0.0608367919921875	9209.0	0.00496	 0.65692
0.068817138671875	9209.0	0.005358	 0.657254
0.05086326599121094	9209.0	0.0049759999999999995	 0.6569999999999999
0.039891958236694336	9209.0	0.004928	 0.6568879999999999
0.042885780334472656	9209.0	0.004928	 0.6568879999999999
0.05285835266113281	9209.0	0.004928	 0.6568879999999999
0.046875953674316406	9209.0	0.009685	 0.6616449999999999
0.06582307815551758	9209.0	0.0055	 0.6572279999999999
0.05286002159118652	9209.0	0.004928	 0.6568879999999999
0.06041264533996582	9209.0	0.004928	 0.6568879999999999
0.039891958236694336	 0.004928	 0.6568879999999999
0.068817138671875	 0.009685	 0.6616449999999999
0.05421249866485596	 0.0055119	 0.6574487
9209.0