0.0	6	0.0	 0.000584
0.0	8	0.0	 0.000584
0.0	12	0.0	 0.000584
0.0	6	0.0	 0.000584
0.0	2	0.0	 0.000584
0.0	6	0.0	 0.000584
0.0010020732879638672	3	0.0	 0.000584
0.0	2	0.0	 0.000584
0.0	1	0.0	 0.000584
0.0	6	0.0	 0.000584
0.0009958744049072266	6	0.0	 0.000584
0.0	9	0.0	 0.000584
0.0	6	0.0	 0.000584
0.000993967056274414	9	0.0	 0.000584
0.0	7	0.0	 0.000584
0.0	2	0.0	 0.000584
0.0	1	0.0	 0.000584
0.0009922981262207031	6	0.0	 0.000584
0.0	2	0.0	 0.000584
0.0	10	0.0	 0.000584
0.0	2	0.0	 0.000584
0.0009946823120117188	2	0.0	 0.000584
0.0	2	0.0	 0.000584
0.0	6	0.0	 0.000584
0.0	8	0.0	 0.000584
0.0	9	0.0	 0.000584
0.000997304916381836	2	0.0	 0.000584
0.0	12	0.0	 0.000584
0.0	9	0.0	 0.000584
0.0	6	0.0	 0.000584
0.0	9	0.0	 0.000584
0.0	9	0.0	 0.000584
0.0010006427764892578	9	0.0	 0.000584
0.0	9	0.0	 0.000584
0.0	4	0.0	 0.000584
0.0	2	0.0	 0.000584
0.0	9	0.0	 0.000584
0.0	12	0.0	 0.000584
0.0	6	0.0	 0.000584
0.0	4	0.0	 0.000584
0.0	12	0.0	 0.000584
0.0	9	0.0	 0.000584
0.0	7	0.0	 0.000584
0.0	4	0.0	 0.000584
0.0	2	0.0	 0.000584
0.0	7	0.0	 0.000584
0.0	8	0.0	 0.000584
0.0	4	0.0	 0.000584
0.0009980201721191406	4	0.0	 0.000584
0.0	3	0.0	 0.000584
0.0	 0.0	 0.000584
0.0010020732879638672	 0.0	 0.000584
0.00015949726104736329	 0.0	 0.0005840000000000004
6