0.0	24	0.0	 0.000584
0.000997304916381836	47	0.0	 0.000612
0.0	42	0.0	 0.000612
0.0	41	0.0	 0.000612
0.0	96	0.0	 0.000584
0.0	77	0.0	 0.000584
0.0	92	0.0	 0.000612
0.0009975433349609375	100	0.0	 0.000584
0.0	92	0.0	 0.000612
0.0	42	0.0	 0.000584
0.0	47	0.0	 0.000612
0.0	51	0.0	 0.000584
0.0	77	0.0	 0.000612
0.0	47	0.0	 0.000584
0.0009965896606445312	81	0.0	 0.000612
0.0	27	0.0	 0.000584
0.0	4	0.0	 0.000612
0.0	24	0.0	 0.000612
0.0	27	0.0	 0.000584
0.0	63	0.0	 0.000584
0.0	47	0.0	 0.000584
0.0	8	0.0	 0.000612
0.0	84	0.0	 0.000584
0.0	12	0.0	 0.000612
0.0	24	0.0	 0.000612
0.0	5	0.0	 0.000612
0.0009975433349609375	5	0.0	 0.000612
0.0	63	0.0	 0.000584
0.0	24	0.0	 0.000612
0.0	129	0.0	 0.000612
0.0009992122650146484	13	0.0	 0.000612
0.0	27	0.0	 0.000584
0.0	63	0.0	 0.000612
0.0	104	0.0	 0.000612
0.0	63	0.0	 0.000612
0.0	35	0.0	 0.000612
0.0009963512420654297	100	0.0	 0.000612
0.0	63	0.0	 0.000612
0.0	35	0.0	 0.000584
0.0	100	0.0	 0.000612
0.0	13	0.0	 0.000612
0.0	77	0.0	 0.000584
0.0	63	0.0	 0.000612
0.0009963512420654297	47	0.0	 0.000584
0.0	27	0.0	 0.000612
0.0	12	0.0	 0.000612
0.0	27	0.0	 0.000584
0.0	37	0.0	 0.000584
0.0	47	0.0	 0.000612
0.0	77	0.0	 0.000584
0.0	 0.0	 0.000584
0.0009992122650146484	 0.0	 0.000612
0.000139617919921875	 0.0	 0.0006008000000000005
24