0.03042316436767578	1958	0.000308	 0.161528
0.027924776077270508	1958	2.8e-05	 0.161248
0.026928424835205078	1958	2.8e-05	 0.161248
0.02992415428161621	1958	0.005885	 0.161248
0.0309140682220459	1958	0.001531	 0.162843
0.036905527114868164	1958	0.000138	 0.161358
0.037337303161621094	1958	2.8e-05	 0.161248
0.03390359878540039	1958	2.8e-05	 0.161248
0.02892279624938965	1958	2.8e-05	 0.161248
0.027928590774536133	1958	2.8e-05	 0.161248
0.026928424835205078	 2.8e-05	 0.161248
0.037337303161621094	 0.005885	 0.162843
0.03111124038696289	 0.0008030000000000001	 0.16144650000000002
1958