0.000997781753540039	133	0.000336	 0.01032
0.0019986629486083984	133	0.0	 0.009984
0.0009946823120117188	133	0.0	 0.009984
0.0	133	0.0	 0.009984
0.0009965896606445312	133	0.0	 0.009984
0.0009970664978027344	133	0.0	 0.009984
0.000997781753540039	133	0.0	 0.009984
0.001995086669921875	133	0.0	 0.009984
0.000997304916381836	133	0.0	 0.009984
0.0010006427764892578	133	0.0	 0.009984
0.0009963512420654297	133	0.0	 0.009984
0.000997304916381836	133	0.0	 0.009984
0.0009961128234863281	133	0.0	 0.009984
0.0009980201721191406	133	0.0	 0.009984
0.0009961128234863281	133	0.0	 0.009984
0.0009965896606445312	133	0.0	 0.009984
0.0019958019256591797	133	0.0	 0.009984
0.0009965896606445312	133	0.0	 0.009984
0.0009989738464355469	133	0.0	 0.009984
0.000997781753540039	133	0.0	 0.009984
0.0009965896606445312	133	0.0	 0.009984
0.001996755599975586	133	0.0	 0.009984
0.001993894577026367	133	0.0	 0.009984
0.0020055770874023438	133	0.0	 0.009984
0.0009851455688476562	133	0.0	 0.009984
0.0019943714141845703	133	0.0	 0.009984
0.0009968280792236328	133	0.0	 0.009984
0.0009975433349609375	133	0.0	 0.009984
0.0	133	0.0	 0.009984
0.0009982585906982422	133	0.0	 0.009984
0.000995635986328125	133	0.0	 0.009984
0.0009968280792236328	133	0.0	 0.009984
0.0010089874267578125	133	5.6e-05	 0.01004
0.000986337661743164	133	0.0	 0.009984
0.0009975433349609375	133	0.0	 0.009984
0.001997709274291992	133	0.0	 0.009984
0.0010046958923339844	133	0.0	 0.009984
0.001989126205444336	133	0.0	 0.009984
0.0009927749633789062	133	0.0	 0.009984
0.0029935836791992188	133	0.0	 0.009984
0.003986358642578125	133	0.001039	 0.011023
0.0009975433349609375	133	0.0	 0.009984
0.0009970664978027344	133	0.0	 0.009984
0.0019998550415039062	133	0.0	 0.009984
0.001990079879760742	133	0.0	 0.009984
0.0029859542846679688	133	0.0	 0.009984
0.000993490219116211	133	0.0	 0.009984
0.000997304916381836	133	0.0	 0.009984
0.003992557525634766	133	0.000621	 0.011630999999999999
0.0009949207305908203	133	0.0	 0.009984
0.0	 0.0	 0.009984
0.003992557525634766	 0.001039	 0.011630999999999999
0.0013761711120605469	 4.104e-05	 0.010045559999999995
133