0.0	12	0.0	 0.001888
0.0	12	0.0	 0.001888
0.0	12	0.0	 0.001888
0.0	12	0.0	 0.001888
0.0	12	0.0	 0.001888
0.0010023117065429688	12	0.0	 0.001888
0.0	12	0.0	 0.001888
0.0	12	0.0	 0.001888
0.0	12	0.0	 0.001888
0.0	12	0.0	 0.001888
0.0	12	0.0	 0.001888
0.0009925365447998047	12	0.0	 0.001888
0.0	12	0.0	 0.001888
0.0	12	0.0	 0.001888
0.0	12	0.0	 0.001888
0.0	12	0.0	 0.001888
0.0	12	0.0	 0.001888
0.0009965896606445312	12	0.0	 0.001888
0.0	12	0.0	 0.001888
0.0	12	0.0	 0.001888
0.0	12	0.0	 0.001888
0.0	12	0.0	 0.001888
0.0	12	0.0	 0.001888
0.0009965896606445312	12	0.0	 0.001888
0.0	12	0.0	 0.001888
0.0	12	0.0	 0.001888
0.0	12	0.0	 0.001888
0.0	12	0.0	 0.001888
0.0	12	0.0	 0.001888
0.0009980201721191406	12	0.0	 0.001888
0.0	12	0.0	 0.001888
0.0	12	0.0	 0.001888
0.0	12	0.0	 0.001888
0.0010013580322265625	12	0.0	 0.001888
0.0	12	0.0	 0.001888
0.0	12	0.0	 0.001888
0.0	12	0.0	 0.001888
0.0	12	0.0	 0.001888
0.0009980201721191406	12	0.0	 0.001888
0.0	12	0.0	 0.001888
0.0	12	0.0	 0.001888
0.0	12	0.0	 0.001888
0.0009946823120117188	12	0.0	 0.001888
0.0	12	0.0	 0.001888
0.0	12	0.0	 0.001888
0.0	12	0.0	 0.001888
0.0009975433349609375	12	0.0	 0.001888
0.0	12	0.0	 0.001888
0.0	12	0.0	 0.001888
0.0	12	0.0	 0.001888
0.0	 0.0	 0.001888
0.0010023117065429688	 0.0	 0.001888
0.00017955303192138672	 0.0	 0.0018880000000000006
12