0.003023862838745117	197.0	0.004272	 0.053183999999999995
0.004982471466064453	197.0	0.002672	 0.051519999999999996
0.0029931068420410156	197.0	0.002672	 0.051519999999999996
0.0049588680267333984	197.0	0.002672	 0.051519999999999996
0.003988027572631836	197.0	0.002672	 0.051519999999999996
0.004987239837646484	197.0	0.014764999999999999	 0.06548
0.003021240234375	197.0	0.0036799999999999997	 0.052528
0.003988027572631836	197.0	0.002672	 0.051519999999999996
0.002964019775390625	197.0	0.002672	 0.051519999999999996
0.003020048141479492	197.0	0.002672	 0.051519999999999996
0.002964019775390625	 0.002672	 0.051519999999999996
0.004987239837646484	 0.014764999999999999	 0.06548
0.003792691230773926	 0.004142100000000001	 0.0531832
197.0