0.0029914379119873047	30.0	0.005376	 0.055119999999999995
0.003989458084106445	30.0	0.002672	 0.051519999999999996
0.003989219665527344	30.0	0.002672	 0.051519999999999996
0.002991914749145508	30.0	0.002672	 0.051519999999999996
0.003990650177001953	30.0	0.002672	 0.051519999999999996
0.0029916763305664062	30.0	0.002672	 0.051519999999999996
0.004985332489013672	30.0	0.002672	 0.051519999999999996
0.0029909610748291016	30.0	0.002672	 0.051519999999999996
0.00598454475402832	30.0	0.002672	 0.051519999999999996
0.003989458084106445	30.0	0.002672	 0.051519999999999996
0.0029909610748291016	 0.002672	 0.051519999999999996
0.00598454475402832	 0.005376	 0.055119999999999995
0.00388946533203125	 0.0029424000000000004	 0.05188
30.0