0.004021644592285156	1959.0	0.0052	 0.054816
0.0039958953857421875	1959.0	0.002672	 0.051519999999999996
0.0029745101928710938	1959.0	0.002672	 0.051519999999999996
0.003588438034057617	1959.0	0.002672	 0.051519999999999996
0.0039615631103515625	1959.0	0.002672	 0.051519999999999996
0.004952430725097656	1959.0	0.002672	 0.051519999999999996
0.003988027572631836	1959.0	0.002672	 0.051519999999999996
0.0030145645141601562	1959.0	0.002672	 0.051519999999999996
0.003966808319091797	1959.0	0.002672	 0.051519999999999996
0.0030243396759033203	1959.0	0.002672	 0.051519999999999996
0.0029745101928710938	 0.002672	 0.051519999999999996
0.004952430725097656	 0.0052	 0.054816
0.0037488222122192385	 0.002924800000000001	 0.05184960000000001
1959.0