0.0010268688201904297	197	0.0019199999999999998	 0.007096
0.0	197	0.00047999999999999996	 0.005656
0.0009963512420654297	197	0.00047999999999999996	 0.005656
0.0009982585906982422	197	0.00047999999999999996	 0.005656
0.0	197	0.00047999999999999996	 0.005656
0.0009965896606445312	197	0.00047999999999999996	 0.005656
0.0	197	0.00047999999999999996	 0.005656
0.0009946823120117188	197	0.00047999999999999996	 0.005656
0.0	197	0.00047999999999999996	 0.005656
0.0009999275207519531	197	0.00047999999999999996	 0.005656
0.0	 0.00047999999999999996	 0.005656
0.0010268688201904297	 0.0019199999999999998	 0.007096
0.0006012678146362305	 0.0006239999999999998	 0.005800000000000001
197