0.000997304916381836	3715	0.001612	 0.006808
0.000997304916381836	3715	7.599999999999999e-05	 0.005272
0.000997304916381836	3715	7.599999999999999e-05	 0.005272
0.0009970664978027344	3715	7.599999999999999e-05	 0.005272
0.0009975433349609375	3715	7.599999999999999e-05	 0.005272
0.000997304916381836	3715	0.000674	 0.005272
0.0010094642639160156	3715	7.599999999999999e-05	 0.005272
0.0010144710540771484	3715	7.599999999999999e-05	 0.005272
0.001001119613647461	3715	7.599999999999999e-05	 0.005272
0.0009961128234863281	3715	7.599999999999999e-05	 0.005272
0.0009961128234863281	 7.599999999999999e-05	 0.005272
0.0010144710540771484	 0.001612	 0.006808
0.0010004997253417968	 0.0002894	 0.005425599999999999
3715