0.0	17	0.0014399999999999999	 0.0066159999999999995
0.0009970664978027344	17	0.00047999999999999996	 0.005656
0.0	17	0.00047999999999999996	 0.005656
0.0019960403442382812	17	0.00047999999999999996	 0.005656
0.0	17	0.00047999999999999996	 0.005656
0.0009984970092773438	17	0.00047999999999999996	 0.005656
0.000995635986328125	17	0.00047999999999999996	 0.005656
0.0009999275207519531	17	0.00047999999999999996	 0.005656
0.002139568328857422	17	0.00047999999999999996	 0.005656
0.0009644031524658203	17	0.00047999999999999996	 0.005656
0.0	 0.00047999999999999996	 0.005656
0.002139568328857422	 0.0014399999999999999	 0.0066159999999999995
0.000909113883972168	 0.0005759999999999998	 0.005752000000000001
17