4.935114145278931	3997	0.011757	 9.269157
4.732911586761475	3997	0.008106	 9.263474
4.821929216384888	3997	0.008106	 9.263474
4.8883116245269775	3997	0.007996	 9.263539999999999
4.547572374343872	3997	0.008106	 9.263474
4.752962827682495	3997	0.008106	 9.263474
4.709762334823608	3997	0.007996	 9.263539999999999
4.5859599113464355	3997	0.007878999999999999	 9.263423
4.760631561279297	3997	0.008106	 9.263474
5.443911552429199	3997	0.008050999999999999	 9.263418999999999
4.547572374343872	 0.007878999999999999	 9.263418999999999
5.443911552429199	 0.011757	 9.269157
4.817906713485717	 0.0084209	 9.2640449
3997