0.17055034637451172	8600	0.013564	 0.665192
0.17453718185424805	8600	0.0075959999999999995	 0.6572399999999999
0.22739338874816895	8600	0.010013	 0.6569999999999999
0.23932290077209473	8600	0.008176	 0.657652
0.21574068069458008	8600	0.007716	 0.6573599999999999
0.2493753433227539	8600	0.007821999999999999	 0.6569999999999999
0.1977372169494629	8600	0.007228	 0.6569999999999999
0.20400738716125488	8600	0.0075509999999999996	 0.657195
0.17608880996704102	8600	0.007228	 0.6569999999999999
0.15396809577941895	8600	0.007764	 0.657408
0.15396809577941895	 0.007228	 0.6569999999999999
0.2493753433227539	 0.013564	 0.665192
0.20087213516235353	 0.008465799999999999	 0.6580047
8600