0.5166327953338623	4000	0.011637999999999999	 1.289958
0.5282127857208252	4000	0.007884	 1.284348
0.6649456024169922	4000	0.007884	 1.284348
0.5356104373931885	4000	0.007821999999999999	 1.284286
0.36798882484436035	4000	0.007932	 1.28422
0.3849751949310303	4000	0.007877	 1.284165
0.37188172340393066	4000	0.007821999999999999	 1.284286
0.3730323314666748	4000	0.007939	 1.284227
0.3639965057373047	4000	0.007932	 1.28422
0.36846327781677246	4000	0.007877	 1.284165
0.3639965057373047	 0.007821999999999999	 1.284165
0.6649456024169922	 0.011637999999999999	 1.289958
0.44757394790649413	 0.0082607	 1.2848222999999999
4000