0.8676180839538574	267	0.00074	 0.020198
0.9026496410369873	95	0.000646	 0.020513999999999998
0.8675484657287598	933	0.0006219999999999999	 0.020111999999999998
0.8548753261566162	937	0.000732	 0.020569999999999998
0.9026215076446533	1328	0.000739	 0.020572
0.8956034183502197	460	0.0006839999999999999	 0.020439
0.8837454319000244	52	0.0007109999999999999	 0.020463
0.871607780456543	422	0.000739	 0.020544
0.8716902732849121	18	0.0007109999999999999	 0.020489999999999998
0.860731840133667	427	0.000736	 0.02054
0.8548753261566162	 0.0006219999999999999	 0.020111999999999998
0.9026496410369873	 0.00074	 0.020572
0.8778691768646241	 0.0007059999999999999	 0.020444200000000003
267