1.010847568511963	4	0.000712	 0.02011
1.3184738159179688	9	0.000539	 0.019964
1.3052191734313965	1	0.000594	 0.02003
1.1803863048553467	1	0.000594	 0.019965999999999998
0.9299314022064209	9	0.000649	 0.020457
0.9365131855010986	9	0.0005909999999999999	 0.020433
0.9091544151306152	20	0.000594	 0.020083999999999998
0.8917605876922607	1	0.000766	 0.020486
0.9110715389251709	8	0.0007109999999999999	 0.020488
0.9403131008148193	3	0.000649	 0.020451999999999998
0.8917605876922607	 0.000539	 0.019964
1.3184738159179688	 0.000766	 0.020488
1.033367109298706	 0.0006399	 0.020247
4