1.0366795063018799	79	0.0005949999999999999	 0.020163999999999998
0.9992978572845459	54	0.000601	 0.020082
0.8587832450866699	68	0.000649	 0.020489999999999998
0.9830410480499268	38	0.0007109999999999999	 0.020513999999999998
0.8582613468170166	46	0.000594	 0.020054
1.6400978565216064	15	0.001204	 0.020989999999999998
1.2394356727600098	86	0.000714	 0.020169
1.115422010421753	84	0.000656	 0.020435
0.9889633655548096	64	0.000656	 0.020002
1.067697286605835	89	0.000594	 0.020427999999999998
0.8582613468170166	 0.000594	 0.020002
1.6400978565216064	 0.001204	 0.020989999999999998
1.0787679195404052	 0.0006974	 0.020332799999999998
79