0.0009932518005371094	138.0	0.002048	 0.00716
0.0009989738464355469	138.0	0.000208	 0.0053679999999999995
0.0010075569152832031	138.0	0.000112	 0.005272
0.0009813308715820312	138.0	0.000112	 0.005272
0.0	138.0	0.000112	 0.005272
0.0009970664978027344	138.0	0.000112	 0.005272
0.0	138.0	0.000112	 0.005272
0.0	138.0	0.000112	 0.005272
0.0009963512420654297	138.0	0.000112	 0.005272
0.0009992122650146484	138.0	0.000112	 0.005272
0.0	 0.000112	 0.005272
0.0010075569152832031	 0.002048	 0.00716
0.0006973743438720703	 0.00031520000000000007	 0.005470399999999999
138.0