0.000997304916381836	853	0.00017199999999999998	 0.0053679999999999995
0.0	853	7.599999999999999e-05	 0.005272
0.0009975433349609375	853	7.599999999999999e-05	 0.005272
0.0009970664978027344	853	7.599999999999999e-05	 0.005272
0.0	853	7.599999999999999e-05	 0.005272
0.0009987354278564453	853	7.599999999999999e-05	 0.005272
0.0009965896606445312	853	7.599999999999999e-05	 0.005272
0.0019943714141845703	853	7.599999999999999e-05	 0.005272
0.0	853	7.599999999999999e-05	 0.005272
0.0009980201721191406	853	7.599999999999999e-05	 0.005272
0.0	 7.599999999999999e-05	 0.005272
0.0019943714141845703	 0.00017199999999999998	 0.0053679999999999995
0.0007979631423950196	 8.56e-05	 0.005281599999999999
853