0.0009975433349609375	84	0.001584	 0.006808
0.0009975433349609375	84	0.000118	 0.005272
0.0010249614715576172	84	4.8e-05	 0.005272
0.0	84	4.8e-05	 0.005272
0.0010075569152832031	84	4.8e-05	 0.005272
0.0009996891021728516	84	4.8e-05	 0.005272
0.0009765625	84	4.8e-05	 0.005272
0.0	84	4.8e-05	 0.005272
0.0	84	4.8e-05	 0.005272
0.0009970664978027344	84	4.8e-05	 0.005272
0.0	84	4.8e-05	 0.005272
0.0009679794311523438	84	4.8e-05	 0.005272
0.0009987354278564453	84	4.8e-05	 0.005272
0.0009961128234863281	84	4.8e-05	 0.005272
0.0	84	4.8e-05	 0.005272
0.0009970664978027344	84	4.8e-05	 0.005272
0.0	84	4.8e-05	 0.005272
0.000997304916381836	84	4.8e-05	 0.005272
0.0	84	4.8e-05	 0.005272
0.0009980201721191406	84	4.8e-05	 0.005272
0.0009970664978027344	84	4.8e-05	 0.005272
0.0	84	4.8e-05	 0.005272
0.004988193511962891	84	4.8e-05	 0.005272
0.0010254383087158203	84	4.8e-05	 0.005272
0.0	84	4.8e-05	 0.005272
0.0009675025939941406	84	4.8e-05	 0.005272
0.000997304916381836	84	4.8e-05	 0.005272
0.0009987354278564453	84	9.6e-05	 0.005272
0.0010254383087158203	84	0.00011999999999999999	 0.005272
0.0	84	0.00011999999999999999	 0.005272
0.0009965896606445312	84	0.00011999999999999999	 0.005272
0.0	84	0.00011999999999999999	 0.005272
0.0009953975677490234	84	0.00011999999999999999	 0.005272
0.0	84	0.00011999999999999999	 0.005272
0.0009989738464355469	84	0.00011999999999999999	 0.005272
0.0009975433349609375	84	0.00011999999999999999	 0.005272
0.0	84	0.00011999999999999999	 0.005272
0.0009684562683105469	84	0.00011999999999999999	 0.005272
0.0	84	0.00011999999999999999	 0.005272
0.0009970664978027344	84	0.00011999999999999999	 0.005272
0.0010263919830322266	84	0.00011999999999999999	 0.005272
0.0	84	0.00011999999999999999	 0.005272
0.0009975433349609375	84	0.00011999999999999999	 0.005272
0.0	84	0.00011999999999999999	 0.005272
0.0009980201721191406	84	0.00011999999999999999	 0.005272
0.0009696483612060547	84	0.00011999999999999999	 0.005272
0.0009961128234863281	84	0.00011999999999999999	 0.005272
0.002003192901611328	84	0.00011999999999999999	 0.005272
0.001985788345336914	84	0.00011999999999999999	 0.005272
0.0	84	0.00011999999999999999	 0.005272
0.0	 4.8e-05	 0.005272
0.004988193511962891	 0.001584	 0.006808
0.0007777309417724609	 0.00011276000000000002	 0.0053027199999999995
84