0.0	6	0.001992	 0.007048
0.0	6	0.000144	 0.0053679999999999995
0.0	6	4.8e-05	 0.005272
0.0009989738464355469	6	4.8e-05	 0.005272
0.0010027885437011719	6	4.8e-05	 0.005272
0.0	6	4.8e-05	 0.005272
0.0009903907775878906	6	4.8e-05	 0.005272
0.0	6	4.8e-05	 0.005272
0.0009968280792236328	6	4.8e-05	 0.005272
0.0	6	4.8e-05	 0.005272
0.000997781753540039	6	4.8e-05	 0.005272
0.0	6	4.8e-05	 0.005272
0.0009970664978027344	6	4.8e-05	 0.005272
0.0	6	4.8e-05	 0.005272
0.0009984970092773438	6	4.8e-05	 0.005272
0.0	6	4.8e-05	 0.005272
0.0009963512420654297	6	4.8e-05	 0.005272
0.0	6	4.8e-05	 0.005272
0.0009989738464355469	6	4.8e-05	 0.005272
0.0	6	4.8e-05	 0.005272
0.0009799003601074219	6	4.8e-05	 0.005272
0.002995014190673828	6	4.8e-05	 0.005272
0.0	6	4.8e-05	 0.005272
0.0009827613830566406	6	4.8e-05	 0.005272
0.0009987354278564453	6	4.8e-05	 0.005272
0.0	6	4.8e-05	 0.005272
0.000997781753540039	6	9.6e-05	 0.005272
0.0009946823120117188	6	0.00011999999999999999	 0.005272
0.0	6	0.00011999999999999999	 0.005272
0.0	6	0.00011999999999999999	 0.005272
0.0010039806365966797	6	0.00011999999999999999	 0.005272
0.0	6	0.00011999999999999999	 0.005272
0.0	6	0.00011999999999999999	 0.005272
0.0	6	0.00011999999999999999	 0.005272
0.0009970664978027344	6	0.000184	 0.005272
0.0	6	0.000184	 0.005272
0.0	6	0.000184	 0.005272
0.0009968280792236328	6	0.000184	 0.005272
0.0	6	0.000184	 0.005272
0.0009984970092773438	6	0.000184	 0.005272
0.0	6	0.000184	 0.005272
0.0009975433349609375	6	0.000184	 0.005272
0.0009989738464355469	6	0.000184	 0.005272
0.0009944438934326172	6	0.000184	 0.005272
0.0	6	0.000184	 0.005272
0.0009968280792236328	6	0.000184	 0.005272
0.0	6	0.000184	 0.005272
0.0009982585906982422	6	0.000184	 0.005272
0.0	6	0.000184	 0.005272
0.0009963512420654297	6	0.000184	 0.005272
0.0	 4.8e-05	 0.005272
0.002995014190673828	 0.001992	 0.007048
0.0005381059646606445	 0.00014335999999999998	 0.0053094399999999995
6