0.009966850280761719	1157	2.8e-05	 0.0028599999999999997
0.007980108261108398	558	2.8e-05	 0.002832
0.008952140808105469	704	2.8e-05	 0.002832
0.009005308151245117	340	2.8e-05	 0.002832
0.008946418762207031	83	0.0	 0.002804
0.008975744247436523	338	2.8e-05	 0.002832
0.009004831314086914	1050	2.8e-05	 0.0028599999999999997
0.009947776794433594	948	2.8e-05	 0.002832
0.009001970291137695	363	2.8e-05	 0.002832
0.008977651596069336	2323	2.8e-05	 0.0028599999999999997
0.007980108261108398	 0.0	 0.002804
0.009966850280761719	 2.8e-05	 0.0028599999999999997
0.00907588005065918	 2.52e-05	 0.0028376000000000005
1157