0.04288315773010254	1611.7025948103792	0.005848	 0.65788
0.04388260841369629	1611.7025948103792	0.007382	 0.65935
0.04188680648803711	1611.7025948103792	0.006967	 0.658975
0.04587888717651367	1611.7025948103792	0.00539	 0.65611
0.045876502990722656	1611.7025948103792	0.004856	 0.6568879999999999
0.04089069366455078	1611.7025948103792	0.004856	 0.6568879999999999
0.046874046325683594	1611.7025948103792	0.004856	 0.6568879999999999
0.03889608383178711	1611.7025948103792	0.004856	 0.6568879999999999
0.04488062858581543	1611.7025948103792	0.007581999999999999	 0.65955
0.04488039016723633	1611.7025948103792	0.0057079999999999995	 0.657484
0.03889608383178711	 0.004856	 0.65611
0.046874046325683594	 0.007581999999999999	 0.65955
0.043682980537414554	 0.0058300999999999995	 0.6576901
1611.7025948103792