0.04288458824157715	159.28571428571428	0.0058	 0.65788
0.039923667907714844	159.28571428571428	0.0048319999999999995	 0.6568879999999999
0.045847177505493164	159.28571428571428	0.005179	 0.657195
0.04487967491149902	159.28571428571428	0.00488	 0.6569999999999999
0.0388941764831543	159.28571428571428	0.0048319999999999995	 0.6568879999999999
0.039893388748168945	159.28571428571428	0.0048319999999999995	 0.6568879999999999
0.039894819259643555	159.28571428571428	0.0048319999999999995	 0.6568879999999999
0.03789687156677246	159.28571428571428	0.0048319999999999995	 0.6568879999999999
0.038895606994628906	159.28571428571428	0.010177	 0.662233
0.03989362716674805	159.28571428571428	0.008335	 0.6596949999999999
0.03789687156677246	 0.0048319999999999995	 0.6568879999999999
0.045847177505493164	 0.010177	 0.662233
0.04089035987854004	 0.0058531	 0.6578443
159.28571428571428