0.08086776733398438	13.666666666666666	0.008879	 0.661953
0.14708995819091797	13.666666666666666	0.004952	 0.6568879999999999
0.10092568397521973	13.666666666666666	0.007055	 0.661079
0.07197761535644531	13.666666666666666	0.006424	 0.658616
0.08800005912780762	13.666666666666666	0.005213	 0.656117
0.048964738845825195	13.666666666666666	0.004952	 0.6568879999999999
0.044892072677612305	13.666666666666666	0.004952	 0.6568879999999999
0.04550051689147949	13.666666666666666	0.009817	 0.6617529999999999
0.04587721824645996	13.666666666666666	0.006879	 0.6588149999999999
0.04587721824645996	13.666666666666666	0.0054139999999999995	 0.6560619999999999
0.044892072677612305	 0.004952	 0.6560619999999999
0.14708995819091797	 0.009817	 0.661953
0.07199728488922119	 0.0064537	 0.6585059
13.666666666666666