0.0009949207305908203	9.0	0.001992	 0.007048
0.0	9.0	9.6e-05	 0.00532
0.0009944438934326172	9.0	4.8e-05	 0.005272
0.0	9.0	4.8e-05	 0.005272
0.0009970664978027344	9.0	4.8e-05	 0.005272
0.0	9.0	4.8e-05	 0.005272
0.0	9.0	4.8e-05	 0.005272
0.0009992122650146484	9.0	4.8e-05	 0.005272
0.0	9.0	4.8e-05	 0.005272
0.0009970664978027344	9.0	4.8e-05	 0.005272
0.0	9.0	4.8e-05	 0.005272
0.0009961128234863281	9.0	4.8e-05	 0.005272
0.0	9.0	4.8e-05	 0.005272
0.0009984970092773438	9.0	4.8e-05	 0.005272
0.0	9.0	4.8e-05	 0.005272
0.0009965896606445312	9.0	4.8e-05	 0.005272
0.0	9.0	4.8e-05	 0.005272
0.0	9.0	4.8e-05	 0.005272
0.0009970664978027344	9.0	4.8e-05	 0.005272
0.0	9.0	4.8e-05	 0.005272
0.000997304916381836	9.0	4.8e-05	 0.005272
0.0	9.0	4.8e-05	 0.005272
0.0	9.0	9.6e-05	 0.005272
0.0009982585906982422	9.0	0.000144	 0.005272
0.0	9.0	0.000144	 0.005272
0.0009965896606445312	9.0	0.000144	 0.005272
0.0010001659393310547	9.0	0.000144	 0.005272
0.0	9.0	0.000144	 0.005272
0.0009944438934326172	9.0	0.000144	 0.005272
0.0	9.0	0.000144	 0.005272
0.0	9.0	0.000144	 0.005272
0.0010120868682861328	9.0	0.000144	 0.005272
0.0	9.0	0.000144	 0.005272
0.0009818077087402344	9.0	0.000144	 0.005272
0.0	9.0	0.000208	 0.005272
0.0	9.0	0.000208	 0.005272
0.0	9.0	0.000208	 0.005272
0.0	9.0	0.000208	 0.005272
0.0010190010070800781	9.0	0.000208	 0.005272
0.0	9.0	0.000208	 0.005272
0.0	9.0	0.000208	 0.005272
0.0009968280792236328	9.0	0.000208	 0.005272
0.0	9.0	0.000208	 0.005272
0.0	9.0	0.000208	 0.005272
0.0010008811950683594	9.0	0.000208	 0.005272
0.0	9.0	0.000208	 0.005272
0.0	9.0	0.000208	 0.005272
0.0009937286376953125	9.0	0.000208	 0.005272
0.0	9.0	0.000208	 0.005272
0.000997304916381836	9.0	0.000208	 0.005272
0.0	 4.8e-05	 0.005272
0.0010190010070800781	 0.001992	 0.007048
0.0004191875457763672	 0.00016111999999999992	 0.00530848
9.0