0.0	1028.0	0.000144	 0.0053679999999999995
0.0	1028.0	4.8e-05	 0.005272
0.0010259151458740234	1028.0	4.8e-05	 0.005272
0.0	1028.0	4.8e-05	 0.005272
0.0009682178497314453	1028.0	4.8e-05	 0.005272
0.0	1028.0	4.8e-05	 0.005272
0.0009970664978027344	1028.0	4.8e-05	 0.005272
0.0	1028.0	4.8e-05	 0.005272
0.0010268688201904297	1028.0	4.8e-05	 0.005272
0.0	1028.0	4.8e-05	 0.005272
0.0	 4.8e-05	 0.005272
0.0010268688201904297	 0.000144	 0.0053679999999999995
0.00040180683135986327	 5.759999999999999e-05	 0.005281599999999999
1028.0