0.0	133.0	0.001584	 0.006808
0.0009970664978027344	133.0	0.000118	 0.005272
0.0	133.0	4.8e-05	 0.005272
0.0	133.0	4.8e-05	 0.005272
0.0	133.0	4.8e-05	 0.005272
0.0009984970092773438	133.0	4.8e-05	 0.005272
0.0	133.0	4.8e-05	 0.005272
0.0	133.0	4.8e-05	 0.005272
0.0010309219360351562	133.0	4.8e-05	 0.005272
0.0	133.0	4.8e-05	 0.005272
0.0	133.0	4.8e-05	 0.005272
0.0009911060333251953	133.0	4.8e-05	 0.005272
0.0	133.0	4.8e-05	 0.005272
0.0009944438934326172	133.0	4.8e-05	 0.005272
0.0	133.0	4.8e-05	 0.005272
0.0	133.0	4.8e-05	 0.005272
0.0009715557098388672	133.0	4.8e-05	 0.005272
0.0	133.0	4.8e-05	 0.005272
0.0	133.0	4.8e-05	 0.005272
0.0	133.0	4.8e-05	 0.005272
0.0	133.0	4.8e-05	 0.005272
0.0	133.0	4.8e-05	 0.005272
0.0	133.0	4.8e-05	 0.005272
0.0	133.0	0.00011999999999999999	 0.005272
0.000997781753540039	133.0	0.000144	 0.005272
0.0	133.0	0.000144	 0.005272
0.0	133.0	0.000144	 0.005272
0.0009970664978027344	133.0	0.000144	 0.005272
0.0	133.0	0.000144	 0.005272
0.0	133.0	0.000144	 0.005272
0.0009975433349609375	133.0	0.000144	 0.005272
0.0	133.0	0.000144	 0.005272
0.0	133.0	0.000144	 0.005272
0.0009970664978027344	133.0	0.000144	 0.005272
0.0	133.0	0.000144	 0.005272
0.0	133.0	0.000144	 0.005272
0.0010001659393310547	133.0	0.000144	 0.005272
0.0	133.0	0.000144	 0.005272
0.0010058879852294922	133.0	0.000144	 0.005272
0.0	133.0	0.000144	 0.005272
0.0	133.0	0.000144	 0.005272
0.0009989738464355469	133.0	0.000144	 0.005272
0.0	133.0	0.000144	 0.005272
0.0	133.0	0.000144	 0.005272
0.0	133.0	0.000144	 0.005272
0.000997304916381836	133.0	0.000144	 0.005272
0.0009989738464355469	133.0	0.000144	 0.005272
0.0	133.0	0.000144	 0.005272
0.0019943714141845703	133.0	0.000144	 0.005272
0.0	133.0	0.000144	 0.005272
0.0	 4.8e-05	 0.005272
0.0019943714141845703	 0.001584	 0.006808
0.00033937454223632814	 0.00013147999999999998	 0.0053027199999999995
133.0