0.0010004043579101562	197	0.0	 0.009984
0.0020041465759277344	197	0.0	 0.009984
0.0009887218475341797	197	0.0	 0.009984
0.0009944438934326172	197	0.0	 0.009984
0.001996755599975586	197	0.0	 0.009984
0.0009996891021728516	197	0.0	 0.009984
0.0009965896606445312	197	0.0	 0.009984
0.001998424530029297	197	0.0	 0.009984
0.0009942054748535156	197	0.0	 0.009984
0.001978158950805664	197	0.0	 0.009984
0.0009887218475341797	 0.0	 0.009984
0.0020041465759277344	 0.0	 0.009984
0.0013951539993286132	 0.0	 0.009983999999999998
197