0.027924537658691406	3715	2.8e-05	 0.27089599999999997
0.02994370460510254	3715	0.00049	 0.271358
0.029924869537353516	3715	2.8e-05	 0.27089599999999997
0.026923179626464844	3715	2.8e-05	 0.27089599999999997
0.027924537658691406	3715	2.8e-05	 0.27089599999999997
0.029896974563598633	3715	2.8e-05	 0.27089599999999997
0.028956174850463867	3715	2.8e-05	 0.27089599999999997
0.02792525291442871	3715	2.8e-05	 0.27089599999999997
0.027914047241210938	3715	2.8e-05	 0.27089599999999997
0.02890181541442871	3715	0.0033859999999999997	 0.275555
0.026923179626464844	 2.8e-05	 0.27089599999999997
0.02994370460510254	 0.0033859999999999997	 0.275555
0.028623509407043456	 0.00040999999999999994	 0.27140810000000004
3715