0.03692197799682617	13821.0	0.008943999999999999	 0.66508
0.03897571563720703	13821.0	0.002672	 0.6568879999999999
0.03787565231323242	13821.0	0.002672	 0.656528
0.03690075874328613	13821.0	0.002672	 0.6568879999999999
0.03740668296813965	13821.0	0.002672	 0.6568879999999999
0.03789854049682617	13821.0	0.007741	 0.661957
0.04090380668640137	13821.0	0.003622	 0.6567419999999999
0.04388117790222168	13821.0	0.002672	 0.6568879999999999
0.03889203071594238	13821.0	0.002672	 0.6568879999999999
0.04089093208312988	13821.0	0.002672	 0.6568879999999999
0.03690075874328613	 0.002672	 0.656528
0.04388117790222168	 0.008943999999999999	 0.66508
0.03905472755432129	 0.0039011000000000002	 0.6581635
13821.0