7.048076152801514	4	0.000543	 0.04919
6.127712965011597	8	0.000598	 0.048289
5.794554710388184	13	0.000594	 0.048604999999999995
5.763102293014526	6	0.000704	 0.049221
5.712050914764404	9	0.0007109999999999999	 0.049194999999999996
5.792393684387207	17	0.000649	 0.049211
5.641255617141724	8	0.0005909999999999999	 0.049021999999999996
6.199674367904663	14	0.0007109999999999999	 0.049245
5.489008188247681	14	0.000601	 0.048792999999999996
5.190992832183838	2	0.000649	 0.049158999999999994
5.190992832183838	 0.000543	 0.048289
7.048076152801514	 0.0007109999999999999	 0.049245
5.875882172584534	 0.0006351	 0.048992999999999995
4