5.520159482955933	133	0.000594	 0.048773
5.346839904785156	141	0.000649	 0.049172
5.533994436264038	61	0.000704	 0.049199
5.279012203216553	32	0.000656	 0.04917
5.262592315673828	101	0.000649	 0.049139999999999996
7.293731689453125	1	0.000656	 0.049433
5.859497308731079	41	0.000594	 0.048764999999999996
5.890319585800171	156	0.000656	 0.048555
5.762187480926514	75	0.000704	 0.049199
5.903299570083618	106	0.000543	 0.048767
5.262592315673828	 0.000543	 0.048555
7.293731689453125	 0.000704	 0.049433
5.765163397789001	 0.0006405	 0.0490173
133