5.470921993255615	550	0.0006219999999999999	 0.048777
6.179423093795776	93	0.0007109999999999999	 0.049225
6.663430452346802	2119	0.0005639999999999999	 0.048688999999999996
6.485171556472778	890	0.0006839999999999999	 0.048542999999999996
5.9555933475494385	987	0.000629	 0.048714999999999994
5.718278408050537	279	0.000732	 0.049281
5.552906274795532	732	0.000732	 0.049255
5.342573404312134	168	0.000649	 0.049172
6.0373923778533936	25	0.000649	 0.049227
5.608852386474609	672	0.0006839999999999999	 0.048967
5.342573404312134	 0.0005639999999999999	 0.048542999999999996
6.663430452346802	 0.000732	 0.049281
5.901454329490662	 0.0006656	 0.048985100000000004
550