0.000997781753540039	1121.0	0.001584	 0.006808
0.0	1121.0	4.8e-05	 0.005272
0.0009961128234863281	1121.0	4.8e-05	 0.005272
0.0010001659393310547	1121.0	4.8e-05	 0.005272
0.0	1121.0	4.8e-05	 0.005272
0.0	1121.0	4.8e-05	 0.005272
0.0009982585906982422	1121.0	4.8e-05	 0.005272
0.0	1121.0	4.8e-05	 0.005272
0.0009963512420654297	1121.0	4.8e-05	 0.005272
0.0	1121.0	4.8e-05	 0.005272
0.0	 4.8e-05	 0.005272
0.0010001659393310547	 0.001584	 0.006808
0.0004988670349121094	 0.00020160000000000005	 0.005425599999999999
1121.0