0.0049784183502197266	1959	0.062479999999999994	 0.081132
0.004982948303222656	1959	0.063472	 0.0659
0.003989219665527344	1959	0.050311999999999996	 0.068964
0.003989219665527344	1959	0.042248	 0.057932
0.005985260009765625	1959	0.074784	 0.09343599999999999
0.004985332489013672	1959	0.066776	 0.069204
0.002991914749145508	1959	0.050255999999999995	 0.068908
0.004987478256225586	1959	0.091304	 0.093732
0.0069806575775146484	1959	0.10228	 0.104708
0.004987239837646484	1959	0.10228	 0.104708
0.002991914749145508	 0.042248	 0.057932
0.0069806575775146484	 0.10228	 0.104708
0.00488576889038086	 0.07061920000000002	 0.08086240000000001
1959