0.005983829498291016	197	0.110024	 0.11007199999999999
0.004990100860595703	197	0.042808	 0.061264
0.004983186721801758	197	0.069464	 0.06951199999999999
0.0049860477447509766	197	0.044544	 0.063
0.00498652458190918	197	0.10536	 0.105408
0.00498652458190918	197	0.112136	 0.11218399999999999
0.006982326507568359	197	0.112136	 0.11218399999999999
0.005991697311401367	197	0.112136	 0.11218399999999999
0.006008148193359375	197	0.112136	 0.11218399999999999
0.008973836898803711	197	0.10194399999999999	 0.102048
0.004983186721801758	 0.042808	 0.061264
0.008973836898803711	 0.112136	 0.11218399999999999
0.005887222290039062	 0.09226880000000001	 0.09600399999999999
197