0.005057096481323242	40	0.08184799999999999	 0.10030399999999999
0.0059130191802978516	40	0.070808	 0.085288
0.003989458084106445	40	0.050592	 0.056223999999999996
0.0029931068420410156	40	0.06336	 0.081816
0.0059833526611328125	40	0.067616	 0.069272
0.003989458084106445	40	0.046391999999999996	 0.064848
0.003989458084106445	40	0.08458399999999999	 0.08624
0.003988027572631836	40	0.093208	 0.09486399999999999
0.004987955093383789	40	0.093208	 0.09486399999999999
0.007977724075317383	40	0.093208	 0.09486399999999999
0.0029931068420410156	 0.046391999999999996	 0.056223999999999996
0.007977724075317383	 0.093208	 0.10030399999999999
0.0048868656158447266	 0.07448239999999998	 0.08285839999999998
40