0.0030405521392822266	17.0	0.00292	 0.051552
0.0029773712158203125	17.0	0.002816	 0.051567999999999996
0.004980325698852539	17.0	0.003287	 0.051519999999999996
0.004983663558959961	17.0	0.002768	 0.051519999999999996
0.004012107849121094	17.0	0.002768	 0.051519999999999996
0.0029692649841308594	17.0	0.002768	 0.051519999999999996
0.005017518997192383	17.0	0.002768	 0.051519999999999996
0.003958463668823242	17.0	0.002768	 0.051519999999999996
0.003988742828369141	17.0	0.002768	 0.051519999999999996
0.0029921531677246094	17.0	0.002768	 0.051519999999999996
0.0029692649841308594	 0.002768	 0.051519999999999996
0.005017518997192383	 0.003287	 0.051567999999999996
0.0038920164108276365	 0.0028399	 0.051528000000000004
17.0