0.003013134002685547	3459.0	0.004168	 0.052992
0.00396728515625	3459.0	0.002768	 0.051519999999999996
0.003020048141479492	3459.0	0.002768	 0.051519999999999996
0.002991914749145508	3459.0	0.002768	 0.051519999999999996
0.003983497619628906	3459.0	0.002768	 0.051519999999999996
0.002991914749145508	3459.0	0.002768	 0.051519999999999996
0.0029931068420410156	3459.0	0.002768	 0.051519999999999996
0.003987789154052734	3459.0	0.019308	 0.068036
0.002992868423461914	3459.0	0.004272	 0.053087999999999996
0.0029916763305664062	3459.0	0.002768	 0.051519999999999996
0.0029916763305664062	 0.002768	 0.051519999999999996
0.003987789154052734	 0.019308	 0.068036
0.0032933235168457033	 0.004712399999999999	 0.0534756
3459.0