0.0029861927032470703	207.0	0.0041919999999999995	 0.052992
0.002991914749145508	207.0	0.002768	 0.051519999999999996
0.003989458084106445	207.0	0.002768	 0.051519999999999996
0.0029921531677246094	207.0	0.002768	 0.051519999999999996
0.0029916763305664062	207.0	0.002768	 0.051519999999999996
0.002991914749145508	207.0	0.002768	 0.051519999999999996
0.0029921531677246094	207.0	0.002768	 0.051519999999999996
0.002992391586303711	207.0	0.002768	 0.051519999999999996
0.003988742828369141	207.0	0.002768	 0.051519999999999996
0.0029921531677246094	207.0	0.002768	 0.051519999999999996
0.0029861927032470703	 0.002768	 0.051519999999999996
0.003989458084106445	 0.0041919999999999995	 0.052992
0.0031908750534057617	 0.0029103999999999996	 0.0516672
207.0