0.0	133	0.005967999999999999	 0.008176
0.0	133	0.005503999999999999	 0.007711999999999999
0.0009984970092773438	133	0.005503999999999999	 0.007711999999999999
0.0	133	0.005503999999999999	 0.007711999999999999
0.0	133	0.005503999999999999	 0.007711999999999999
0.0	133	0.005503999999999999	 0.007711999999999999
0.0	133	0.005503999999999999	 0.007711999999999999
0.0009968280792236328	133	0.005503999999999999	 0.007711999999999999
0.0	133	0.005503999999999999	 0.007711999999999999
0.0	133	0.005503999999999999	 0.007711999999999999
0.0	133	0.005503999999999999	 0.007711999999999999
0.0	133	0.005503999999999999	 0.007711999999999999
0.0	133	0.005503999999999999	 0.007711999999999999
0.0009968280792236328	133	0.005503999999999999	 0.007711999999999999
0.0	133	0.005503999999999999	 0.007711999999999999
0.0009989738464355469	133	0.005503999999999999	 0.007711999999999999
0.0	133	0.005823999999999999	 0.008032
0.0	133	0.005823999999999999	 0.008032
0.0010361671447753906	133	0.005823999999999999	 0.008032
0.0009567737579345703	133	0.009464	 0.011392
0.0	133	0.011479999999999999	 0.013408
0.0010058879852294922	133	0.011479999999999999	 0.013408
0.0	133	0.011479999999999999	 0.013408
0.0009846687316894531	133	0.011479999999999999	 0.013408
0.0009975433349609375	133	0.0060479999999999996	 0.008256
0.0	133	0.005503999999999999	 0.007711999999999999
0.0	133	0.005503999999999999	 0.007711999999999999
0.0	133	0.005503999999999999	 0.007711999999999999
0.0009975433349609375	133	0.005503999999999999	 0.007711999999999999
0.0	133	0.005503999999999999	 0.007711999999999999
0.0	133	0.005503999999999999	 0.007711999999999999
0.0	133	0.005503999999999999	 0.007711999999999999
0.0	133	0.005503999999999999	 0.007711999999999999
0.0	133	0.005503999999999999	 0.007711999999999999
0.0	133	0.005503999999999999	 0.007711999999999999
0.0	133	0.005503999999999999	 0.007711999999999999
0.0	133	0.005503999999999999	 0.007711999999999999
0.0	133	0.005503999999999999	 0.007711999999999999
0.0009970664978027344	133	0.005503999999999999	 0.007711999999999999
0.0	133	0.005503999999999999	 0.007711999999999999
0.0	133	0.005568	 0.007776
0.0	133	0.005823999999999999	 0.008032
0.000997304916381836	133	0.005823999999999999	 0.008032
0.0	133	0.006719999999999999	 0.008648
0.0	133	0.011479999999999999	 0.013408
0.0	133	0.011479999999999999	 0.013408
0.0	133	0.011479999999999999	 0.013408
0.0	133	0.011479999999999999	 0.013408
0.0009975433349609375	133	0.009856	 0.012064
0.0	133	0.005503999999999999	 0.007711999999999999
0.0	 0.005503999999999999	 0.007711999999999999
0.0010361671447753906	 0.011479999999999999	 0.013408
0.0002592325210571289	 0.00670416	 0.008856159999999997
133