0.000988006591796875	12	0.003544	 0.0046559999999999995
0.0	12	0.003544	 0.0046559999999999995
0.0	12	0.00308	 0.0041919999999999995
0.0	12	0.00308	 0.0041919999999999995
0.0009829998016357422	12	0.00308	 0.0041919999999999995
0.0	12	0.00308	 0.0041919999999999995
0.0	12	0.00308	 0.0041919999999999995
0.0	12	0.00308	 0.0041919999999999995
0.0	12	0.00308	 0.0041919999999999995
0.0	12	0.00308	 0.0041919999999999995
0.0009961128234863281	12	0.0031439999999999997	 0.004256
0.0	12	0.0034	 0.0045119999999999995
0.0	12	0.0037029999999999997	 0.0045119999999999995
0.0	12	0.0034	 0.0045119999999999995
0.0	12	0.0034	 0.0045119999999999995
0.0009970664978027344	12	0.0034	 0.0045119999999999995
0.0	12	0.0034	 0.0045119999999999995
0.0	12	0.0034	 0.0045119999999999995
0.0	12	0.0034	 0.0045119999999999995
0.0	12	0.0034	 0.0045119999999999995
0.0009982585906982422	12	0.0034	 0.0045119999999999995
0.0	12	0.0034	 0.0045119999999999995
0.0	12	0.0034	 0.0045119999999999995
0.0	12	0.0034	 0.0045119999999999995
0.0	12	0.0034	 0.0045119999999999995
0.0009968280792236328	12	0.0034	 0.0045119999999999995
0.0	12	0.005192	 0.00524
0.0	12	0.0076	 0.007647999999999999
0.0	12	0.0076	 0.007647999999999999
0.002996683120727539	12	0.007431999999999999	 0.00748
0.0	12	0.00308	 0.0041919999999999995
0.0	12	0.00308	 0.0041919999999999995
0.0009968280792236328	12	0.00308	 0.0041919999999999995
0.0	12	0.00308	 0.0041919999999999995
0.0009922981262207031	12	0.00308	 0.0041919999999999995
0.0	12	0.00308	 0.0041919999999999995
0.0	12	0.00308	 0.0041919999999999995
0.0	12	0.00308	 0.0041919999999999995
0.0010039806365966797	12	0.00308	 0.0041919999999999995
0.0	12	0.00308	 0.0041919999999999995
0.0	12	0.00308	 0.0041919999999999995
0.0	12	0.00308	 0.0041919999999999995
0.0	12	0.00308	 0.0041919999999999995
0.0009872913360595703	12	0.00308	 0.0041919999999999995
0.0	12	0.00308	 0.0041919999999999995
0.0	12	0.0031439999999999997	 0.004256
0.0	12	0.0034	 0.0045119999999999995
0.0	12	0.0034	 0.0045119999999999995
0.0009970664978027344	12	0.0034	 0.0045119999999999995
0.0	12	0.0034	 0.0045119999999999995
0.0	 0.00308	 0.0041919999999999995
0.002996683120727539	 0.0076	 0.007647999999999999
0.00027866840362548827	 0.0035388599999999987	 0.00455968
12