0.0009968280792236328	1958	0.011491999999999999	 0.01576
0.0010058879852294922	1958	0.011491999999999999	 0.01576
0.0009913444519042969	1958	0.011491999999999999	 0.01576
0.0009987354278564453	1958	0.011491999999999999	 0.01576
0.0009958744049072266	1958	0.011491999999999999	 0.01576
0.04689145088195801	1958	0.011491999999999999	 0.01576
0.0	1958	0.011491999999999999	 0.01576
0.0009882450103759766	1958	0.011812	 0.01608
0.000997304916381836	1958	0.020267999999999998	 0.021568
0.0009980201721191406	1958	0.015227999999999998	 0.019496
0.0	 0.011491999999999999	 0.01576
0.04689145088195801	 0.020267999999999998	 0.021568
0.0054863691329956055	 0.0127752	 0.0167464
1958