0.004988908767700195	17.0	0.004464	 0.054591999999999995
0.004018306732177734	17.0	0.002672	 0.051519999999999996
0.0029599666595458984	17.0	0.002672	 0.051519999999999996
0.002991199493408203	17.0	0.002672	 0.051519999999999996
0.0029921531677246094	17.0	0.002672	 0.051519999999999996
0.004014253616333008	17.0	0.002672	 0.051519999999999996
0.0029964447021484375	17.0	0.002672	 0.051519999999999996
0.0029926300048828125	17.0	0.002672	 0.051519999999999996
0.0039920806884765625	17.0	0.002672	 0.051519999999999996
0.002985715866088867	17.0	0.002672	 0.051519999999999996
0.0029599666595458984	 0.002672	 0.051519999999999996
0.004988908767700195	 0.004464	 0.054591999999999995
0.0034931659698486327	 0.0028512000000000008	 0.051827200000000004
17.0