0.0029914379119873047	207.0	0.003408	 0.055712
0.002991914749145508	207.0	0.002672	 0.051519999999999996
0.0029916763305664062	207.0	0.002672	 0.051519999999999996
0.0029921531677246094	207.0	0.002672	 0.051519999999999996
0.002991914749145508	207.0	0.002672	 0.051519999999999996
0.0029921531677246094	207.0	0.002672	 0.051519999999999996
0.002991914749145508	207.0	0.002672	 0.051519999999999996
0.003014087677001953	207.0	0.002672	 0.051519999999999996
0.0029931068420410156	207.0	0.002672	 0.051519999999999996
0.0029921531677246094	207.0	0.002672	 0.051519999999999996
0.0029914379119873047	 0.002672	 0.051519999999999996
0.003014087677001953	 0.003408	 0.055712
0.002994251251220703	 0.0027456000000000004	 0.051939200000000005
207.0