0.0040130615234375	3459.0	0.004848	 0.054208
0.002992391586303711	3459.0	0.002672	 0.051519999999999996
0.003001689910888672	3459.0	0.002672	 0.051519999999999996
0.002988576889038086	3459.0	0.002672	 0.051519999999999996
0.0029914379119873047	3459.0	0.002672	 0.051519999999999996
0.002994537353515625	3459.0	0.002672	 0.051519999999999996
0.0029833316802978516	3459.0	0.002672	 0.051519999999999996
0.0029921531677246094	3459.0	0.002672	 0.051519999999999996
0.003988981246948242	3459.0	0.002672	 0.051519999999999996
0.002992391586303711	3459.0	0.002672	 0.051519999999999996
0.0029833316802978516	 0.002672	 0.051519999999999996
0.0040130615234375	 0.004848	 0.054208
0.0031938552856445312	 0.0028896000000000004	 0.0517888
3459.0