0.008980512619018555	26.0	0.004168	 0.052992
0.006974697113037109	26.0	0.002768	 0.051519999999999996
0.0039899349212646484	26.0	0.002768	 0.051519999999999996
0.010970830917358398	26.0	0.002768	 0.051519999999999996
0.006989955902099609	26.0	0.002768	 0.051519999999999996
0.0069811344146728516	26.0	0.002768	 0.051519999999999996
0.009982585906982422	26.0	0.010988	 0.061204999999999996
0.00548553466796875	26.0	0.003296	 0.052048
0.00598597526550293	26.0	0.003101	 0.050796999999999995
0.010970830917358398	26.0	0.002768	 0.051519999999999996
0.0039899349212646484	 0.002768	 0.050796999999999995
0.010970830917358398	 0.010988	 0.061204999999999996
0.007731199264526367	 0.0038161000000000002	 0.0526162
26.0