0.00402069091796875	767.0	0.003688	 0.052511999999999996
0.002997875213623047	767.0	0.002768	 0.051519999999999996
0.003962516784667969	767.0	0.002768	 0.051519999999999996
0.004981040954589844	767.0	0.002768	 0.051519999999999996
0.00399017333984375	767.0	0.002768	 0.051519999999999996
0.0030243396759033203	767.0	0.002768	 0.051519999999999996
0.0029981136322021484	767.0	0.002768	 0.051519999999999996
0.004987239837646484	767.0	0.002768	 0.051519999999999996
0.0029904842376708984	767.0	0.002768	 0.051519999999999996
0.0039615631103515625	767.0	0.002768	 0.051519999999999996
0.0029904842376708984	 0.002768	 0.051519999999999996
0.004987239837646484	 0.003688	 0.052511999999999996
0.003791403770446777	 0.0028599999999999997	 0.0516192
767.0