0.007981061935424805	152.0	0.004168	 0.052992
0.005982160568237305	152.0	0.002768	 0.051519999999999996
0.007975101470947266	152.0	0.002768	 0.051519999999999996
0.005015850067138672	152.0	0.002768	 0.051519999999999996
0.002962827682495117	152.0	0.002768	 0.051519999999999996
0.0059854984283447266	152.0	0.002768	 0.051519999999999996
0.003019571304321289	152.0	0.002768	 0.051519999999999996
0.003960609436035156	152.0	0.002768	 0.051519999999999996
0.003020048141479492	152.0	0.002768	 0.051519999999999996
0.0039615631103515625	152.0	0.002768	 0.051519999999999996
0.002962827682495117	 0.002768	 0.051519999999999996
0.007981061935424805	 0.004168	 0.052992
0.004986429214477539	 0.002908	 0.0516672
152.0