0.0	4220.474452554745	0.001584	 0.006808
0.0009949207305908203	4220.474452554745	4.8e-05	 0.005272
0.0	4220.474452554745	4.8e-05	 0.005272
0.0	4220.474452554745	4.8e-05	 0.005272
0.0009970664978027344	4220.474452554745	4.8e-05	 0.005272
0.0	4220.474452554745	4.8e-05	 0.005272
0.0	4220.474452554745	4.8e-05	 0.005272
0.000997304916381836	4220.474452554745	4.8e-05	 0.005272
0.0	4220.474452554745	4.8e-05	 0.005272
0.0	4220.474452554745	4.8e-05	 0.005272
0.0	 4.8e-05	 0.005272
0.000997304916381836	 0.001584	 0.006808
0.00029892921447753905	 0.00020160000000000005	 0.005425599999999999
4220.474452554745