0.0	19.0	0.00047999999999999996	 0.005656
0.0	19.0	0.00047999999999999996	 0.005656
0.0010335445404052734	19.0	0.00047999999999999996	 0.005656
0.0009622573852539062	19.0	0.00047999999999999996	 0.005656
0.0	19.0	0.00047999999999999996	 0.005656
0.0009980201721191406	19.0	0.00047999999999999996	 0.005656
0.0	19.0	0.00047999999999999996	 0.005656
0.0009958744049072266	19.0	0.00047999999999999996	 0.005656
0.0	19.0	0.00047999999999999996	 0.005656
0.0	19.0	0.00047999999999999996	 0.005656
0.0	 0.00047999999999999996	 0.005656
0.0010335445404052734	 0.00047999999999999996	 0.005656
0.0003989696502685547	 0.00047999999999999985	 0.0056560000000000004
19.0