0.0	211.86486486486487	0.0019199999999999998	 0.007096
0.0009639263153076172	211.86486486486487	0.00047999999999999996	 0.005656
0.0	211.86486486486487	0.00047999999999999996	 0.005656
0.0009980201721191406	211.86486486486487	0.00047999999999999996	 0.005656
0.0	211.86486486486487	0.00047999999999999996	 0.005656
0.0	211.86486486486487	0.00047999999999999996	 0.005656
0.0010228157043457031	211.86486486486487	0.00047999999999999996	 0.005656
0.0	211.86486486486487	0.00047999999999999996	 0.005656
0.0	211.86486486486487	0.00047999999999999996	 0.005656
0.0	211.86486486486487	0.00047999999999999996	 0.005656
0.0	 0.00047999999999999996	 0.005656
0.0010228157043457031	 0.0019199999999999998	 0.007096
0.0002984762191772461	 0.0006239999999999998	 0.005800000000000001
211.86486486486487