0.04386329650878906	98	0.004424	 0.19308399999999998
0.0438838005065918	98	0.00448	 0.189052
0.044878482818603516	98	0.00448	 0.18894
0.1156914234161377	98	0.00448	 0.18894
0.049865007400512695	98	0.005304	 0.19338999999999998
0.05086374282836914	98	0.00448	 0.189052
0.046874284744262695	98	0.00448	 0.18894
0.07296490669250488	98	0.00448	 0.18894
0.042891740798950195	98	0.00448	 0.18894
0.0478672981262207	98	0.00556	 0.192905
0.042891740798950195	 0.004424	 0.18894
0.1156914234161377	 0.00556	 0.19338999999999998
0.05596439838409424	 0.004664799999999999	 0.19021830000000003
98