0.36109161376953125	2358	0.005023	 1.032071
0.3944530487060547	2358	0.0052699999999999995	 1.028454
0.600700855255127	2358	0.005277	 1.0284609999999998
0.5802650451660156	2358	0.005332	 1.028516
0.4263935089111328	2358	0.005332	 1.028516
0.3400895595550537	2358	0.005442	 1.028514
0.3595461845397949	2358	0.007219	 1.030179
0.37445855140686035	2358	0.0052699999999999995	 1.028454
0.3656167984008789	2358	0.0052699999999999995	 1.028454
0.3510315418243408	2358	0.0070019999999999995	 1.03013
0.3400895595550537	 0.005023	 1.028454
0.600700855255127	 0.007219	 1.032071
0.415364670753479	 0.0056437	 1.0291749
2358