4.894076108932495	28823	0.005301	 10.328828999999999
4.817545413970947	28823	0.005382	 10.324933999999999
4.303436517715454	28823	0.005554	 10.324994
5.674555778503418	28823	0.0054989999999999995	 10.324938999999999
4.535359859466553	28823	0.0054989999999999995	 10.324938999999999
4.960005760192871	28823	0.0054989999999999995	 10.324938999999999
4.6939404010772705	28823	0.005554	 10.324994
4.6144843101501465	28823	0.005618	 10.325058
4.771581411361694	28823	0.005618	 10.325058
4.264564275741577	28823	0.005562999999999999	 10.325002999999999
4.264564275741577	 0.005301	 10.324933999999999
5.674555778503418	 0.005618	 10.328828999999999
4.752954983711243	 0.0055087	 10.325368699999999
28823