0.686478853225708	1997	1.909614	 2.308118
0.7261464595794678	1997	1.934869	 2.333373
0.7393589019775391	1997	1.934931	 2.3334349999999997
0.7411134243011475	1997	1.934869	 2.333373
0.8134469985961914	1997	1.9349239999999999	 2.333428
0.7509903907775879	1997	1.9346519999999998	 2.333156
1.2132303714752197	1997	1.9348759999999998	 2.33338
1.010202169418335	1997	1.9346519999999998	 2.333156
0.9001069068908691	1997	1.9346519999999998	 2.333156
1.4278523921966553	1997	1.9346519999999998	 2.333156
0.686478853225708	 1.909614	 2.308118
1.4278523921966553	 1.934931	 2.3334349999999997
0.900892686843872	 1.9322690999999999	 2.330773099999999
1997