0.5626106262207031	200	1.78894	 2.236464
0.5505564212799072	200	1.8143619999999998	 2.261886
0.5375947952270508	200	1.8143619999999998	 2.261886
0.570061206817627	200	1.814252	 2.261776
0.6468729972839355	200	1.813966	 2.26149
0.5525228977203369	200	1.8143	 2.261824
0.5898182392120361	200	1.8143619999999998	 2.261886
0.6084568500518799	200	1.814307	 2.261831
0.5834677219390869	200	1.8142449999999999	 2.2617689999999997
0.5555412769317627	200	1.8143619999999998	 2.261886
0.5375947952270508	 1.78894	 2.236464
0.6468729972839355	 1.8143619999999998	 2.261886
0.5757503032684326	 1.8117457999999995	 2.2592698
200