0.9537825584411621	43	1.08116	 1.451944
0.509230375289917	43	1.19092	 1.561704
0.6392889022827148	43	1.1908649999999998	 1.5616489999999998
0.8769948482513428	43	1.19092	 1.561704
0.6851916313171387	43	1.19092	 1.561704
0.7439875602722168	43	1.190858	 1.561642
0.6642441749572754	43	1.190858	 1.561642
1.1449439525604248	43	1.19092	 1.561704
1.0889427661895752	43	1.1908649999999998	 1.5616489999999998
0.5535187721252441	43	1.19092	 1.561704
0.509230375289917	 1.08116	 1.451944
1.1449439525604248	 1.19092	 1.561704
0.7860125541687012	 1.1799206000000002	 1.5507046
43